Unix	jday	U-component_of_wind
631152000	1	3.15846281261931
631155600	1	4.14636093941085
631159200	1	4.67318081150987
631162800	1	5.00432236396482
631166400	1	5.16305141567466
631170000	1	5.19867377270551
631173600	1	4.95629828818091
631177200	1	4.13895353974997
631180800	1	2.6475481665208
631184400	1	1.43096691476197
631188000	1	0.656389817317227
631191600	1	-0.0260469783671128
631195200	1	-0.702125377752634
631198800	1	-1.43565861212753
631202400	1	-1.76282139935012
631206000	1	-1.93777569991869
631209600	1	-1.88794562111494
631213200	1	-1.42620436239569
631216800	1	2.27048951596554
631220400	1	2.2679877906595
631224000	1	1.15728587488961
631227600	1	1.07166918268504
631231200	1	1.64419721538284
631234800	1	1.77899305003825
631238400	2	2.20145046957663
631242000	2	2.39255842310446
631245600	2	2.51021686221927
631249200	2	2.8338725634159
631252800	2	2.7741631713409
631256400	2	2.72737459478859
631260000	2	2.8879178460666
631263600	2	3.83877845045232
631267200	2	4.48211078616828
631270800	2	4.83374541303923
631274400	2	4.53974972834094
631278000	2	4.23706478614546
631281600	2	3.42285580139961
631285200	2	2.59745786209108
631288800	2	1.99454805718927
631292400	2	1.08668873627364
631296000	2	0.454686016325876
631299600	2	-0.119964333034364
631303200	2	-0.291905514903342
631306800	2	-0.287307102245967
631310400	2	0.318649019745065
631314000	2	1.11822964221472
631317600	2	2.0808799298967
631321200	2	2.78800075585743
631324800	3	2.78272758747446
631328400	3	3.6556335730858
631332000	3	4.08911492795965
631335600	3	4.41089703854581
631339200	3	4.23793189567869
631342800	3	3.84997945646953
631346400	3	3.72637721717096
631350000	3	2.64707759699457
631353600	3	1.23915813609826
631357200	3	-0.0809677182454924
631360800	3	-0.90989106092421
631364400	3	-1.68194180791545
631368000	3	-2.12168865436442
631371600	3	-1.50251336716825
631375200	3	-0.792244025973569
631378800	3	-0.898287137929225
631382400	3	-0.502204921966234
631386000	3	0.457225967066672
631389600	3	2.21412105442252
631393200	3	3.26325390958433
631396800	3	3.08381034928727
631400400	3	3.63826446751799
631404000	3	2.86929731933473
631407600	3	1.80572188122388
631411200	4	-1.41949007920385
631414800	4	-0.946751068488179
631418400	4	1.81161674298994
631422000	4	-0.116869546328051
631425600	4	-0.0954934201838028
631429200	4	1.00893020513467
631432800	4	1.87478215154361
631436400	4	3.53671309632476
631440000	4	6.48266813969846
631443600	4	8.54841990761712
631447200	4	7.65647808021134
631450800	4	6.51409269543245
631454400	4	2.79467731274342
631458000	4	2.11732918546675
631461600	4	1.78300614548186
631465200	4	2.01018532514368
631468800	4	2.58041557114709
631472400	4	3.12992299168927
631476000	4	4.39801593232555
631479600	4	5.35542564261797
631483200	4	5.85323226357032
631486800	4	5.13216464799926
631490400	4	4.64408931556253
631494000	4	4.58942496357786
631497600	5	6.24355121397379
631501200	5	5.01695899250323
631504800	5	4.24025196612537
631508400	5	4.07984416070584
631512000	5	3.4489499254729
631515600	5	2.9218500406369
631519200	5	1.86467693421311
631522800	5	1.16908289103886
631526400	5	0.53634756667204
631530000	5	0.62218096813612
631533600	5	0.518608578132294
631537200	5	0.184763631339631
631540800	5	-1.05398040468827
631544400	5	-1.39181328429362
631548000	5	-1.51593759265179
631551600	5	-1.81178571194653
631555200	5	-1.79851251320347
631558800	5	-1.76960736371844
631562400	5	-1.05458013679998
631566000	5	-0.931587097005021
631569600	5	0.0894035324830762
631573200	5	1.09543987007317
631576800	5	2.32466350221355
631580400	5	3.51533939886665
631584000	6	5.14423096929131
631587600	6	5.91223465222595
631591200	6	5.82930024024497
631594800	6	5.71734561372068
631598400	6	5.33445772408102
631602000	6	4.87101960235268
631605600	6	5.51335956126405
631609200	6	3.77666804288426
631612800	6	2.55359003115144
631616400	6	1.95704937721386
631620000	6	1.72987663758904
631623600	6	1.26997325568043
631627200	6	1.21253248778791
631630800	6	0.571534928831221
631634400	6	0.0962179105910236
631638000	6	-0.297949697960371
631641600	6	-0.492361025839704
631645200	6	-0.710390816766853
631648800	6	0.301340832059518
631652400	6	0.453410749664559
631656000	6	0.717732719319119
631659600	6	0.984829868218227
631663200	6	1.85645120056044
631666800	6	2.56333762636125
631670400	7	3.22524174513105
631674000	7	4.07787740565832
631677600	7	4.46023895709629
631681200	7	4.27293249225003
631684800	7	4.05211786885419
631688400	7	3.88428331158951
631692000	7	3.4689921426229
631695600	7	3.28388076291724
631699200	7	2.20276541388344
631702800	7	1.50292074802887
631706400	7	1.07358710076586
631710000	7	0.426506392007396
631713600	7	-0.794018235758511
631717200	7	-1.23429221726292
631720800	7	-1.14900704852625
631724400	7	-0.805453451071682
631728000	7	-0.362056984358199
631731600	7	0.0449249916539444
631735200	7	1.41926781193099
631738800	7	0.975172183224376
631742400	7	1.30587894605187
631746000	7	2.17042801423162
631749600	7	2.37274954069573
631753200	7	2.50607731073917
631756800	8	0.337796020146921
631760400	8	1.16883241156097
631764000	8	1.81416325569943
631767600	8	2.46024807061633
631771200	8	3.18230579273397
631774800	8	3.49654817100529
631778400	8	1.44376525622904
631782000	8	2.25158532152879
631785600	8	2.19630908695722
631789200	8	1.72866537831187
631792800	8	1.13088526631068
631796400	8	0.327177383714726
631800000	8	-1.49457288447849
631803600	8	-2.71480223445343
631807200	8	-3.18284060872297
631810800	8	-3.38135965399493
631814400	8	-3.27779953095484
631818000	8	-3.28194139280269
631821600	8	-3.50426474449927
631825200	8	-2.35456832886268
631828800	8	-1.09700138001397
631832400	8	0.836923736098088
631836000	8	2.74802072590889
631839600	8	3.94948994655917
631843200	9	4.05049349178236
631846800	9	4.46349451736794
631850400	9	4.02860507483653
631854000	9	3.38277843342905
631857600	9	3.33105265602022
631861200	9	3.20621239025284
631864800	9	4.10155903989444
631868400	9	3.59804659927866
631872000	9	2.72291089909693
631875600	9	1.22625770128579
631879200	9	-0.268085370722994
631882800	9	-1.39146901327423
631886400	9	-1.69524365393844
631890000	9	-2.20673836455927
631893600	9	-2.30098643181306
631897200	9	-2.37952947501575
631900800	9	-2.41117413909483
631904400	9	-2.38680261526484
631908000	9	-2.94218840409549
631911600	9	-2.53356987680191
631915200	9	-1.42200608259176
631918800	9	0.360490218772025
631922400	9	1.86015610325252
631926000	9	2.77079030451402
631929600	10	2.79635321514314
631933200	10	3.39603737238707
631936800	10	3.52120337770388
631940400	10	3.62577008604219
631944000	10	3.74702882818931
631947600	10	3.8212903246237
631951200	10	3.47087133312086
631954800	10	3.10756451959648
631958400	10	2.19258880441689
631962000	10	1.35648813439401
631965600	10	0.943421298894366
631969200	10	0.586774272895003
631972800	10	0.540345134731855
631976400	10	1.02787798348883
631980000	10	2.04984930565445
631983600	10	2.44012721027576
631987200	10	2.17353236062841
631990800	10	1.96484056420188
631994400	10	-0.578870084644123
631998000	10	0.510155479880813
632001600	10	1.78969559521402
632005200	10	2.83289341466327
632008800	10	3.36131678468646
632012400	10	3.99102417342548
632016000	11	2.31793371343209
632019600	11	4.07224934371759
632023200	11	4.82035022538118
632026800	11	5.18270749495371
632030400	11	5.19182012710992
632034000	11	5.09997322189679
632037600	11	5.8395165932145
632041200	11	4.84340564452187
632044800	11	4.31943898169475
632048400	11	4.28273461088381
632052000	11	4.2711157087115
632055600	11	4.19337049020577
632059200	11	2.01301573256321
632062800	11	2.45133329286296
632066400	11	2.42624880151398
632070000	11	2.49292278865672
632073600	11	2.77219499501969
632077200	11	2.93455212323345
632080800	11	4.10834604050726
632084400	11	4.02996545270993
632088000	11	4.76648790280407
632091600	11	6.20716837554528
632095200	11	6.40705170317079
632098800	11	6.40110518726203
632102400	12	3.81509940416722
632106000	12	4.3838228680645
632109600	12	4.82787582775651
632113200	12	5.56099792839175
632116800	12	5.95225444878587
632120400	12	6.23557530812253
632124000	12	7.34224393604928
632127600	12	6.92024955613388
632131200	12	6.96018811751132
632134800	12	6.69920163024465
632138400	12	6.51094470957762
632142000	12	6.52599051676956
632145600	12	4.46706913106761
632149200	12	5.84111586307684
632152800	12	6.18857839488257
632156400	12	6.18501195924556
632160000	12	5.93507080867411
632163600	12	5.6075826944022
632167200	12	3.32311153253787
632170800	12	3.77571899650305
632174400	12	3.88902700410919
632178000	12	4.01382887477318
632181600	12	4.34478906108269
632185200	12	4.68448970615317
632188800	13	6.27623975373626
632192400	13	5.32531329040592
632196000	13	4.49387499433524
632199600	13	3.59860048872645
632203200	13	2.60600578178244
632206800	13	1.55889553529189
632210400	13	2.01311369301281
632214000	13	0.97376255785854
632217600	13	0.202376310139377
632221200	13	-0.359368221977241
632224800	13	-0.416257910565571
632228400	13	-0.423857264529627
632232000	13	-1.24940733261947
632235600	13	-0.316862195501094
632239200	13	0.518117354607354
632242800	13	1.81059921921543
632246400	13	3.2542630650953
632250000	13	4.0921604324253
632253600	13	4.2161079669507
632257200	13	3.88109755963748
632260800	13	3.27067061276449
632264400	13	2.88472880288335
632268000	13	2.83577944102193
632271600	13	2.79098984825169
632275200	14	2.32264419452728
632278800	14	2.52070552273814
632282400	14	2.74772575711303
632286000	14	3.16783419115188
632289600	14	3.70930956849744
632293200	14	4.2174051845596
632296800	14	5.34149454847223
632300400	14	4.83516254654016
632304000	14	4.07067854987827
632307600	14	3.80273035824495
632311200	14	3.99361881828147
632314800	14	4.04384003425237
632318400	14	4.17614951437521
632322000	14	5.1174106181926
632325600	14	5.28984192081131
632329200	14	4.48078225164836
632332800	14	3.83110724374481
632336400	14	3.22680736915738
632340000	14	1.96144353815666
632343600	14	2.03530620509239
632347200	14	2.6554020730739
632350800	14	3.66810769758769
632354400	14	4.56834732714675
632358000	14	5.07303149495109
632361600	15	3.61712576023478
632365200	15	4.48644364419699
632368800	15	5.02467685850376
632372400	15	5.2194815436152
632376000	15	5.216427904455
632379600	15	5.17394053800261
632383200	15	5.77074525239183
632386800	15	5.24311713610657
632390400	15	4.84298169536693
632394000	15	4.28329744461573
632397600	15	4.11545311796363
632401200	15	3.97497159439765
632404800	15	3.48372509599789
632408400	15	3.69060693042694
632412000	15	3.36794718370085
632415600	15	2.8324183442266
632419200	15	2.43837561908363
632422800	15	1.96630122544508
632426400	15	1.87768301622888
632430000	15	1.03280742146492
632433600	15	0.291752119413795
632437200	15	-0.331824582492847
632440800	15	-0.151933474725013
632444400	15	0.000151836278867223
632448000	16	1.30730865006115
632451600	16	1.3672237746258
632455200	16	1.6431794799881
632458800	16	1.64601989621078
632462400	16	1.07734990562534
632466000	16	0.698187939276719
632469600	16	0.765558459575624
632473200	16	0.204171209816002
632476800	16	-0.378159211849491
632480400	16	-1.78529501570903
632484000	16	-3.82211063269269
632487600	16	-4.92706878515462
632491200	16	-5.99110418785601
632494800	16	-6.03266882775555
632498400	16	-3.4770437102199
632502000	16	-1.0584139482837
632505600	16	-1.03658355416762
632509200	16	-0.656929026804154
632512800	16	-1.50008474128066
632516400	16	0.0858853763666233
632520000	16	1.17841949619541
632523600	16	3.18914164034963
632527200	16	5.04961351211509
632530800	16	6.28740777453773
632534400	17	6.41730492544643
632538000	17	6.25875039637658
632541600	17	5.92317834486437
632545200	17	5.5594053824029
632548800	17	4.90603146570556
632552400	17	4.71297505323713
632556000	17	5.24333869529884
632559600	17	6.31047083418712
632563200	17	6.9436309153099
632566800	17	7.35488582170072
632570400	17	7.52875673404196
632574000	17	7.64747634922017
632577600	17	8.13218152018975
632581200	17	7.31594467257756
632584800	17	7.25273176210596
632588400	17	7.09909852143634
632592000	17	7.02415729159284
632595600	17	6.96495349659915
632599200	17	5.69826802570357
632602800	17	4.97284235728959
632606400	17	4.47039923858551
632610000	17	4.14301321089457
632613600	17	3.83664550208572
632617200	17	3.32674697350739
632620800	18	0.617892914936871
632624400	18	0.185271499086636
632628000	18	0.461131324585264
632631600	18	1.26491804516562
632635200	18	1.90121207531661
632638800	18	2.21337329199742
632642400	18	2.88347597927219
632646000	18	1.91382054156183
632649600	18	1.12108356828877
632653200	18	-0.12484860000026
632656800	18	-1.31392490938523
632660400	18	-1.84782202914809
632664000	18	-1.12482293660437
632667600	18	-1.73045924036597
632671200	18	-1.86613380880008
632674800	18	-1.88884150509752
632678400	18	-1.74938815079141
632682000	18	-1.45985756586526
632685600	18	-0.206648589226592
632689200	18	0.298815081023027
632692800	18	1.51232667703499
632696400	18	2.31254810707333
632700000	18	2.76238162897643
632703600	18	3.15536347819714
632707200	19	2.89588155663267
632710800	19	3.55595012447467
632714400	19	3.99374878475601
632718000	19	4.30293000089233
632721600	19	4.2649704418042
632725200	19	4.20876500856411
632728800	19	3.41081327904523
632732400	19	3.57878915005347
632736000	19	3.08799292179445
632739600	19	2.48453309072285
632743200	19	1.87163117862465
632746800	19	1.42240842068531
632750400	19	-0.408868705448683
632754000	19	-0.326459559346027
632757600	19	-0.436224496104025
632761200	19	-0.49172469927908
632764800	19	-0.201540010765274
632768400	19	-0.0242476865603454
632772000	19	0.251265981513083
632775600	19	0.508507075921051
632779200	19	1.39077531656634
632782800	19	2.19559349643123
632786400	19	3.10952589142185
632790000	19	3.94478679543388
632793600	20	3.19036557244717
632797200	20	4.68778625412509
632800800	20	5.22415490922392
632804400	20	5.29998902938744
632808000	20	5.11895137366539
632811600	20	4.92462845346535
632815200	20	4.01048439882537
632818800	20	3.85525738167527
632822400	20	2.7500781544995
632826000	20	1.73168814891154
632829600	20	1.14196663320429
632833200	20	0.507799044195185
632836800	20	0.383690491894119
632840400	20	0.225370092295796
632844000	20	0.22848557769309
632847600	20	0.316134792605498
632851200	20	0.317619296614216
632854800	20	0.250104037234075
632858400	20	0.0889919814410681
632862000	20	-0.0928081897640424
632865600	20	0.583007306479862
632869200	20	1.66738884991699
632872800	20	2.77334602555016
632876400	20	3.69016119672311
632880000	21	3.70163278054041
632883600	21	4.83713294965324
632887200	21	5.39362740356423
632890800	21	5.31724618766218
632894400	21	4.76544688342606
632898000	21	4.29798364667575
632901600	21	3.49171166854593
632905200	21	3.2389614496688
632908800	21	2.61997138232009
632912400	21	1.69715435676935
632916000	21	0.549923271530202
632919600	21	-0.693013460970614
632923200	21	-2.91248199752999
632926800	21	-2.47822151687723
632930400	21	-1.9973988792432
632934000	21	-1.45766335039685
632937600	21	-1.27673154980379
632941200	21	-1.12546666110067
632944800	21	-1.21166405872657
632948400	21	-0.55581075598765
632952000	21	0.725213017030635
632955600	21	1.12344669292921
632959200	21	1.5212181902734
632962800	21	2.19221513097822
632966400	22	1.75276784009373
632970000	22	2.54421804276527
632973600	22	2.74838638795285
632977200	22	3.52230229547702
632980800	22	3.65693295477144
632984400	22	3.83933334248266
632988000	22	2.63887753307402
632991600	22	2.30650762966246
632995200	22	1.29493318591238
632998800	22	0.442686176555319
633002400	22	0.134436798839851
633006000	22	-0.214689615702235
633009600	22	0.0454618902547899
633013200	22	-1.08607271045822
633016800	22	-1.59540924278303
633020400	22	-1.64066499870638
633024000	22	-1.49440422369097
633027600	22	-1.33378764591834
633031200	22	-0.609066656392455
633034800	22	-0.782216308727375
633038400	22	0.0847053919859546
633042000	22	1.239888029002
633045600	22	2.34114351407619
633049200	22	3.20591269838025
633052800	23	2.77642643178757
633056400	23	3.92952361826874
633060000	23	4.61599493678637
633063600	23	4.91884376023275
633067200	23	4.64434824145272
633070800	23	4.4227223192141
633074400	23	3.07039221389061
633078000	23	2.89115382474838
633081600	23	2.48055354726557
633085200	23	2.66561212947339
633088800	23	2.4469510497211
633092400	23	2.20521620625077
633096000	23	1.79141581146598
633099600	23	1.50114722678332
633103200	23	1.34848557185185
633106800	23	1.25221497186962
633110400	23	1.17680064643192
633114000	23	1.07516968199736
633117600	23	0.793919732061906
633121200	23	0.679796983042248
633124800	23	0.689068047770412
633128400	23	0.657759484579812
633132000	23	1.91536160848739
633135600	23	3.09813424717836
633139200	24	4.19494390373705
633142800	24	5.04553529525499
633146400	24	5.3809234706482
633150000	24	5.31264089946884
633153600	24	4.69238150880475
633157200	24	4.11296620443993
633160800	24	2.25505845908062
633164400	24	1.88433841775741
633168000	24	1.18582377993949
633171600	24	0.335632080359635
633175200	24	-0.528447879470392
633178800	24	-1.21288785264099
633182400	24	-2.10078147694556
633186000	24	-1.88016703927629
633189600	24	-1.50691114620936
633193200	24	-0.962247128227673
633196800	24	-0.527906061552089
633200400	24	-0.289674981137849
633204000	24	-0.00974957721627095
633207600	24	-0.294307825308246
633211200	24	-0.181486244715345
633214800	24	0.683601487729193
633218400	24	1.59463044818683
633222000	24	2.28711697379706
633225600	25	3.60634690550607
633229200	25	4.02767006224502
633232800	25	4.45732846264066
633236400	25	4.60858824058761
633240000	25	4.57347516155716
633243600	25	4.08156390880382
633247200	25	2.28838855817963
633250800	25	1.53916582265397
633254400	25	1.17013583433067
633258000	25	1.51587735910004
633261600	25	1.49016202597821
633265200	25	1.18329103970369
633268800	25	-1.24572123188535
633272400	25	-0.711820867332597
633276000	25	0.23075837299677
633279600	25	0.640046255120025
633283200	25	2.0211308328481
633286800	25	2.7731618702187
633290400	25	2.58447000417862
633294000	25	2.24769467351881
633297600	25	1.4517318057872
633301200	25	1.3920067847661
633304800	25	2.64954053514239
633308400	25	3.65611205470599
633312000	26	5.07737187973775
633315600	26	5.20201574275769
633319200	26	5.37771171522789
633322800	26	5.19165710679493
633326400	26	4.91144599349967
633330000	26	4.66650864920444
633333600	26	3.76322303613478
633337200	26	3.79648154747799
633340800	26	3.20496892462025
633344400	26	2.25638338545266
633348000	26	1.68867315511548
633351600	26	1.05614367203562
633355200	26	1.28066535070951
633358800	26	1.23631916122273
633362400	26	0.548718546721937
633366000	26	-0.525884128545244
633369600	26	-1.17386304240274
633373200	26	-1.53301208830224
633376800	26	-0.722513070320897
633380400	26	-1.23177980818421
633384000	26	-0.9131487776989
633387600	26	0.445415362253215
633391200	26	1.66759897450773
633394800	26	2.29669521701489
633398400	27	1.55651761911483
633402000	27	2.73500174370705
633405600	27	2.94286240275074
633409200	27	3.21290301800885
633412800	27	3.66588109764232
633416400	27	3.67762721444374
633420000	27	2.32831551752555
633423600	27	2.00518368974262
633427200	27	1.21923445081732
633430800	27	-0.409009561190833
633434400	27	-1.87342097710185
633438000	27	-3.03316688059867
633441600	27	-2.44402988814031
633445200	27	-3.92539710831173
633448800	27	-3.9603100370111
633452400	27	-3.70858880069502
633456000	27	-3.36696207407737
633459600	27	-3.1429175936236
633463200	27	-1.29090015575915
633466800	27	-1.42314338857004
633470400	27	-1.92221944440226
633474000	27	-2.81595515517911
633477600	27	-3.37815013790638
633481200	27	-3.38216025335461
633484800	28	-2.43670396426482
633488400	28	-1.33038447632042
633492000	28	0.0119646332644982
633495600	28	0.308047660195661
633499200	28	-0.997311243473545
633502800	28	-2.05247405764139
633506400	28	-1.73870807314466
633510000	28	-2.91655280785008
633513600	28	-3.64863865927678
633517200	28	-3.95860869903649
633520800	28	-3.92529810491065
633524400	28	-3.76324629475345
633528000	28	-4.84622075183391
633531600	28	-3.37564847107005
633535200	28	-2.80176277551945
633538800	28	-1.96412480489857
633542400	28	-1.15072207390978
633546000	28	-0.224568485192474
633549600	28	0.860874476257478
633553200	28	1.55363997673415
633556800	28	1.81489698218326
633560400	28	1.93988363909423
633564000	28	2.22757252406733
633567600	28	2.65054193937562
633571200	29	4.77432245149791
633574800	29	4.4416595488801
633578400	29	4.68545061040337
633582000	29	4.4608340362271
633585600	29	3.91229279010002
633589200	29	3.83574537940379
633592800	29	3.69167167963983
633596400	29	3.34146272916349
633600000	29	2.67254485544909
633603600	29	2.42267941113563
633607200	29	2.21858359575877
633610800	29	1.64208030657882
633614400	29	-0.733549402317734
633618000	29	-0.422191905225642
633621600	29	0.205975902210347
633625200	29	0.86001611723112
633628800	29	0.694533391208128
633632400	29	0.320683199317269
633636000	29	0.0989673313447958
633639600	29	0.438019447358682
633643200	29	1.45532253936854
633646800	29	1.83784737974823
633650400	29	2.87164632125688
633654000	29	3.7065176843983
633657600	30	4.28488470588178
633661200	30	5.04981570464079
633664800	30	5.95317685006252
633668400	30	7.16864064476605
633672000	30	6.93792948184675
633675600	30	6.446863208192
633679200	30	5.50507904140514
633682800	30	3.65040922016199
633686400	30	2.13205836279709
633690000	30	1.2225199727892
633693600	30	0.423530673046113
633697200	30	-0.481200805578313
633700800	30	-1.8368696646929
633704400	30	-2.30322180286659
633708000	30	-2.92080334626507
633711600	30	-3.33371913549908
633715200	30	-3.4074954051878
633718800	30	-3.31386129577135
633722400	30	-2.54062419484634
633726000	30	-2.00061742940616
633729600	30	-1.12671647589593
633733200	30	-0.0491448170923718
633736800	30	0.657858025422166
633740400	30	1.30742196553846
633744000	31	1.02400439560668
633747600	31	2.2365774696554
633751200	31	2.83881940890028
633754800	31	2.94789122306368
633758400	31	2.56209257314985
633762000	31	2.11629391185969
633765600	31	0.846273714471666
633769200	31	0.491060750663166
633772800	31	-0.173593489996335
633776400	31	-1.16221922611903
633780000	31	-1.51388490325752
633783600	31	-1.64475761652352
633787200	31	-1.34588515719668
633790800	31	-0.663533167622603
633794400	31	0.0561458588931719
633798000	31	0.413630670492389
633801600	31	0.151565691533154
633805200	31	-0.246480038057784
633808800	31	0.00583286002225807
633812400	31	-0.579731681159985
633816000	31	-0.33338595441283
633819600	31	0.569415024686614
633823200	31	1.98428780953646
633826800	31	3.06182331809232
