Unix	jday	Pressure
809913600	244	99095.614910469
809917200	244	99048.0008262792
809920800	244	98994.0733788523
809924400	244	98954.0718099693
809928000	244	98869.8425757776
809931600	244	98806.8055150495
809935200	244	98813.7684543215
809938800	244	98783.7684543215
809942400	244	98722.8780676226
809946000	244	98647.1073018143
809949600	244	98566.2153462324
809953200	244	98490.1443625424
809956800	244	98375.0247416519
809960400	244	98410.7361002425
809964000	244	98399.7831685599
809967600	244	98374.6010026856
809971200	244	98377.6364945307
809974800	244	98353.407260339
809978400	244	98308.5268812295
809982000	244	98396.6835628481
809985600	244	98525.7916072662
809989200	244	98614.5994338027
809992800	244	98682.4558975394
809996400	244	98769.4204056944
8.1e+08	245	98803.3494220043
810003600	245	98865.4913893845
810007200	245	98939.4188368114
810010800	245	99013.6480710031
810014400	245	99079.4204056944
810018000	245	99139.4204056944
810021600	245	99111.5655108406
810025200	245	99217.6380634137
810028800	245	99311.5655108406
810032400	245	99404.3007848039
810036000	245	99479.4219745774
810039600	245	99549.4219745774
810043200	245	99515.4945271505
810046800	245	99592.4590353055
810050400	245	99645.1943092688
810054000	245	99696.0862648506
810057600	245	99747.2784383142
810061200	245	99797.2784383142
810064800	245	99902.1572485407
810068400	245	99966.3864827324
810072000	245	100032.157248541
810075600	245	100099.120187813
810079200	245	100109.120187813
810082800	245	100113.04763524
810086400	246	100104.239808703
810090000	246	100086.975082666
810093600	246	100064.239808703
810097200	246	100041.204316858
810100800	246	100033.04763524
810104400	246	100027.276869431
810108000	246	100113.04763524
810111600	246	100122.155679658
810115200	246	100132.155679658
810118800	246	100156.384913849
810122400	246	100152.155679658
810126000	246	100142.155679658
810129600	246	100046.384913849
810133200	246	100005.192740386
810136800	246	99968.2282322308
810140400	246	99938.2282322308
810144000	246	99892.4574664224
810147600	246	99844.3007848039
810151200	246	99771.2652929589
810154800	246	99771.5670797236
810158400	246	99740.37490626
810162000	246	99741.5670797236
810165600	246	99691.5670797236
810169200	246	99653.410398105
810172800	247	99546.4458899501
810176400	247	99453.7106159868
810180000	247	99363.7106159868
810183600	247	99303.7121848698
810187200	247	99172.821798171
810190800	247	99003.1235849357
810194400	247	98791.9314114721
810198000	247	98664.9669033172
810201600	247	98581.0394558903
810205200	247	98504.0749477353
810208800	247	98440.1475003084
810212400	247	98363.1829921535
810216000	247	98190.1475003084
810219600	247	98130.4492870732
810223200	247	98043.4832100352
810226800	247	97997.4106574621
810230400	247	97987.4106574621
810234000	247	97991.338104889
810237600	247	97941.6383227708
810241200	247	97998.301044161
810244800	247	98049.1929997428
810248400	247	98060.0849553247
810252000	247	98058.892781861
810255600	247	98067.0494634796
810259200	248	98051.2771287883
810262800	248	98070.0849553247
810266400	248	98072.8202292879
810270000	248	98070.0849553247
810273600	248	98048.892781861
810277200	248	98044.9653344341
810280800	248	98001.0378870072
810284400	248	98065.2671211989
810288000	248	98124.0749477353
810291600	248	98128.304181927
810295200	248	98047.4122263451
810298800	248	97983.4847789182
810302400	248	97892.8946101011
810306000	248	97830.4611229026
810309600	248	97753.4966147477
810313200	248	97676.5321065927
810316800	248	97578.0752070924
810320400	248	97495.0397152473
810324000	248	97439.8591182561
810327600	248	97394.6785212648
810331200	248	97384.6785212649
810334800	248	97345.5704768467
810338400	248	97235.5704768467
810342000	248	97145.2702589649
810345600	249	96937.4169329942
810349200	249	96731.6461671858
810352800	249	96561.6461671858
810356400	249	96332.5990988684
810360000	249	96047.721857525
810363600	249	95772.6022366344
810367200	249	95614.0930590968
810370800	249	95464.9850146787
810374400	249	95288.2597483047
810378000	249	95170.990315619
810381600	249	95197.9501171249
810385200	249	95249.7902977403
810388800	249	95484.365752319
810392400	249	95505.9104217017
810396000	249	95591.9829742748
810399600	249	95641.9845431578
810403200	249	95659.2492691945
810406800	249	95699.2492691945
810410400	249	95829.2492691945
810414000	249	95894.370458968
810417600	249	96007.3449747124
810421200	249	96170.6688486097
810424800	249	96368.5253123465
810428400	249	96548.5253123465
810432000	250	96529.8410068946
810435600	250	96575.0216038858
810439200	250	96629.2508380775
810442800	250	96646.2153462324
810446400	250	96633.1798543874
810450000	250	96658.301044161
810453600	250	96835.857290016
810457200	250	96936.4474588331
810460800	250	97055.7963139153
810464400	250	97158.5300189956
810468000	250	97221.5655108406
810471600	250	97285.7931761493
810475200	250	97349.7815996769
810478800	250	97377.9382812955
810482400	250	97386.7461078318
810486000	250	97387.6380634137
810489600	250	97401.8672976054
810493200	250	97414.6025715687
810496800	250	97547.6396322967
810500400	250	97627.6396322967
810504000	250	97710.6751241418
810507600	250	97787.6396322967
810511200	250	97814.6025715687
810514800	250	97844.3023536869
810518400	251	97923.410398105
810522000	251	97921.5670797236
810525600	251	97908.5315878786
810529200	251	97904.6041404517
810532800	251	97898.5315878786
810536400	251	97908.5315878786
810540000	251	97961.5670797236
810543600	251	98034.6041404517
810547200	251	98074.6041404517
810550800	251	98135.7963139153
810554400	251	98185.7963139153
810558000	251	98238.5315878786
810561600	251	98361.5686486066
810565200	251	98375.4960960335
810568800	251	98412.4606041885
810572400	251	98462.4606041885
810576000	251	98506.6898383802
810579600	251	98551.2684307249
810583200	251	98602.4606041885
810586800	251	98641.2668618418
810590400	251	98719.4235434604
810594000	251	98795.1943092688
810597600	251	98849.1217566957
810601200	251	98896.3864827324
810604800	252	98979.1217566957
810608400	252	98997.2784383142
810612000	252	98993.3509908873
810615600	252	98999.1217566956
810619200	252	99023.3509908873
810622800	252	99055.1943092687
810626400	252	99136.3864827324
810630000	252	99202.1572485407
810633600	252	99282.1572485407
810637200	252	99352.1572485407
810640800	252	99406.0846959676
810644400	252	99456.0846959676
810648000	252	99446.0846959676
810651600	252	99493.3494220043
810655200	252	99523.3494220043
810658800	252	99529.4219745774
810662400	252	99535.1927403857
810666000	252	99545.1927403857
810669600	252	99537.3378455319
810673200	252	99605.4945271505
810676800	252	99684.3023536869
810680400	252	99751.2652929589
810684000	252	99801.2652929588
810687600	252	99837.3378455319
810691200	253	99847.0360587672
810694800	253	99855.1927403857
810698400	253	99862.1572485407
810702000	253	99889.1217566957
810705600	253	99899.1217566957
810709200	253	99904.892522504
810712800	253	99860.3139301593
810716400	253	99906.0846959676
810720000	253	99986.0846959676
810723600	253	100064.241377586
810727200	253	100120.012143395
810730800	253	100166.084695968
810734400	253	100235.782909203
810738000	253	100261.855461776
810741600	253	100303.04763524
810745200	253	100333.04763524
810748800	253	100320.312361276
810752400	253	100318.818401048
810756000	253	100398.818401048
810759600	253	100483.938021938
810763200	253	100583.046066357
810766800	253	100644.23823982
810770400	253	100654.23823982
810774000	253	100673.046066357
810777600	254	100701.202747975
810781200	254	100705.130195402
810784800	254	100731.202747975
810788400	254	100748.16725613
810792000	254	100780.010574511
810795600	254	100803.046066357
810799200	254	100770.010574511
810802800	254	100836.081558202
810806400	254	100904.889384738
810810000	254	100961.853892893
810813600	254	100961.853892893
810817200	254	100970.010574511
810820800	254	101020.660150546
810824400	254	101098.816832165
810828000	254	101143.046066357
810831600	254	101159.11861893
810835200	254	101119.11861893
810838800	254	101099.11861893
810842400	254	100999.11861893
810846000	254	101034.889384738
810849600	254	101094.889384738
810853200	254	101172.154110775
810856800	254	101180.961937311
810860400	254	101175.191171503
810864000	255	101105.191171503
810867600	255	101077.034489884
810871200	255	101041.263724076
810874800	255	101030.071550612
810878400	255	101010.071550612
810882000	255	100990.071550612
810885600	255	101021.263724076
810889200	255	101051.263724076
810892800	255	101111.263724076
810896400	255	101163.107042457
810900000	255	101161.263724076
810903600	255	101154.299215921
810907200	255	101104.300784804
810910800	255	101104.300784804
810914400	255	101124.300784804
810918000	255	101097.336276649
810921600	255	101037.336276649
810925200	255	100999.17959503
810928800	255	100881.324700177
810932400	255	100922.51687364
810936000	255	100966.746107832
810939600	255	100976.746107832
810943200	255	100968.589426213
810946800	255	100949.481381795
810950400	256	100926.44588995
810954000	256	100923.408829222
810957600	256	100917.336276649
810961200	256	100941.265292959
810964800	256	100924.300784804
810968400	256	100921.265292959
810972000	256	100904.300784804
810975600	256	100944.300784804
810979200	256	100984.300784804
810982800	256	101034.300784804
810986400	256	101031.265292959
810990000	256	101044.300784804
810993600	256	101094.300784804
810997200	256	101134.300784804
811000800	256	101157.336276649
811004400	256	101147.336276649
811008000	256	101108.528450113
811011600	256	101087.336276649
811015200	256	100973.408829222
811018800	256	101014.601002686
811022400	256	101050.371768494
811026000	256	101104.601002686
811029600	256	101104.601002686
811033200	256	101113.408829222
811036800	257	101080.673555259
811040400	257	101089.481381795
811044000	257	101046.746107832
811047600	257	101009.481381795
811051200	257	100970.673555259
811054800	257	100947.638063414
811058400	257	100866.44588995
811062000	257	100893.410398105
811065600	257	100954.602571569
811069200	257	100969.181163913
811072800	257	100926.44588995
811076400	257	100887.638063414
811080000	257	100819.481381795
811083600	257	100800.673555259
811087200	257	100809.481381795
811090800	257	100791.324700177
811094400	257	100746.746107832
811098000	257	100712.818660405
811101600	257	100636.155939015
811105200	257	100668.891212978
811108800	257	100712.818660405
811112400	257	100725.85415225
811116000	257	100690.432744595
811119600	257	100655.85415225
811123200	258	100564.660409903
811126800	258	100570.432744595
811130400	258	100541.624918058
811134000	258	100502.51687364
811137600	258	100429.781599677
811141200	258	100379.781599677
811144800	258	100281.624918058
811148400	258	100305.85415225
811152000	258	100355.85415225
811155600	258	100422.817091522
811159200	258	100407.395683867
811162800	258	100376.744538949
811166400	258	100236.444321067
811170000	258	100266.444321067
811173600	258	100256.444321067
811177200	258	100237.636494531
811180800	258	100191.865728722
811184400	258	100180.673555259
811188000	258	100160.973773141
811191600	258	100193.709047104
811195200	258	100263.408829222
811198800	258	100330.373337377
811202400	258	100334.300784804
811206000	258	100351.265292959
811209600	259	100338.229801114
811213200	259	100349.421974577
811216800	259	100360.313930159
811220400	259	100383.350990887
811224000	259	100380.315499042
811227600	259	100387.580225079
811231200	259	100352.158817424
811234800	259	100412.158817424
811238400	259	100489.42354346
811242000	259	100542.158817424
811245600	259	100572.158817424
811249200	259	100599.42354346
811252800	259	100548.531587879
811256400	259	100575.194309269
811260000	259	100605.194309269
811263600	259	100626.388051615
811267200	259	100586.388051615
811270800	259	100532.158817424
811274400	259	100479.121756696
811278000	259	100444.892522504
811281600	259	100443.049204123
811285200	259	100469.121756696
811288800	259	100466.084695968
811292400	259	100462.157248541
811296000	260	100432.157248541
811299600	260	100359.121756696
811303200	260	100302.158817424
811306800	260	100236.388051615
811310400	260	100179.42354346
811314000	260	100129.42354346
811317600	260	100082.157248541
811321200	260	100112.157248541
811324800	260	100156.386482732
811328400	260	100174.892522504
811332000	260	100166.084695968
811335600	260	100171.857030659
811339200	260	100086.978220432
811342800	260	100090.905667859
811346400	260	100103.941159704
811350000	260	100105.133333168
811353600	260	100060.904098976
811357200	260	100043.939590821
811360800	260	99960.0121433945
811364400	260	100018.168825013
811368000	260	100098.168825013
811371600	260	100129.360998477
811375200	260	100133.939590821
811378800	260	100145.131764285
811382400	261	100041.506103623
811386000	261	100034.241377586
811389600	261	100061.205885741
811393200	261	100073.591801551
811396800	261	100035.435119933
811400400	261	100017.278438314
811404000	261	100100.313930159
811407600	261	100212.157248541
811411200	261	100293.349422004
811414800	261	100345.192740386
811418400	261	100356.084695968
811422000	261	100376.084695968
811425600	261	100301.855461776
811429200	261	100356.084695968
811432800	261	100427.928014349
811436400	261	100429.120187813
811440000	261	100385.192740386
811443600	261	100345.192740386
811447200	261	100253.349422004
811450800	261	100296.084695968
811454400	261	100390.012143395
811458000	261	100470.012143395
811461600	261	100473.04763524
811465200	261	100473.04763524
811468800	262	100433.04763524
811472400	262	100431.204316858
811476000	262	100420.012143395
811479600	262	100390.012143395
811483200	262	100350.012143395
811486800	262	100321.204316858
811490400	262	100283.04763524
811494000	262	100362.155679658
811497600	262	100459.120187813
811501200	262	100513.349422004
811504800	262	100526.084695968
811508400	262	100526.084695968
811512000	262	100399.120187813
811515600	262	100433.349422004
811519200	262	100467.928014349
811522800	262	100465.192740386
811526400	262	100412.457466422
811530000	262	100362.457466422
811533600	262	100238.229801114
811537200	262	100269.421974577
811540800	262	100329.421974577
811544400	262	100354.000566922
811548000	262	100339.421974577
811551600	262	100322.457466422
811555200	263	100231.265292959
811558800	263	100199.420405694
811562400	263	100192.457466422
811566000	263	100174.300784804
811569600	263	100132.457466422
811573200	263	100098.228232231
811576800	263	100039.420405694
811580400	263	100039.420405694
811584000	263	100068.228232231
811587600	263	100075.192740386
811591200	263	100075.192740386
811594800	263	100075.192740386
811598400	263	99977.0360587672
811602000	263	99974.3007848039
811605600	263	99991.2652929588
811609200	263	100003.10861134
811612800	263	99934.6025715687
811616400	263	99893.410398105
811620000	263	99800.6751241418
811623600	263	99822.5184425232
811627200	263	99870.6751241418
811630800	263	99909.4829506781
811634400	263	99876.7476767148
811638000	263	99852.5184425232
811641600	264	99807.9398501785
811645200	264	99799.7831685599
811648800	264	99799.7831685599
811652400	264	99765.855721133
811656000	264	99710.7361002425
811659600	264	99668.8927818611
811663200	264	99503.1220160527
811666800	264	99448.8927818611
811670400	264	99434.9653344341
811674000	264	99427.0494634796
811677600	264	99439.7847374429
811681200	264	99441.6280558243
811684800	264	99317.1104395804
811688400	264	99262.2316293539
811692000	264	99248.304181927
811695600	264	99191.339673772
811699200	264	99101.339673772
811702800	264	99031.339673772
811706400	264	98873.786565683
811710000	264	98744.4361417178
811713600	264	98638.6638070264
811717200	264	98532.5912544533
811720800	264	98502.2894676886
811724400	264	98471.6383227708
811728000	265	98351.9876809238
811731600	265	98336.2169151155
811735200	265	98310.1443625424
811738800	265	98257.4090885791
811742400	265	98264.0718099693
811746000	265	98311.9267048231
811749600	265	98312.5153047572
811753200	265	98423.7090471038
811756800	265	98627.3362766489
811760400	265	98818.5300189956
811764000	265	98947.3378455319
811767600	265	99044.3023536869
811771200	265	98952.4590353055
811774800	265	99030.37490626
811778400	265	99121.5670797236
811782000	265	99198.5315878786
811785600	265	99250.37490626
811789200	265	99300.37490626
811792800	265	99278.5315878786
811796400	265	99357.6396322967
811800000	265	99475.7963139153
811803600	265	99585.7963139153
811807200	265	99650.37490626
811810800	265	99687.6396322967
811814400	266	99681.5670797236
811818000	266	99677.3378455319
811821600	266	99685.4945271505
811825200	266	99701.5670797236
811828800	266	99681.5670797236
811832400	266	99674.6025715687
811836000	266	99708.5300189956
811839600	266	99748.8318057603
811843200	266	99793.410398105
811846800	266	99824.6025715687
811850400	266	99844.6025715687
811854000	266	99862.7592531872
811857600	266	99770.6751241417
811861200	266	99778.8318057603
811864800	266	99796.4458899501
811868400	266	99783.7106159868
811872000	266	99769.7831685599
811875600	266	99749.7831685599
811879200	266	99669.7831685599
811882800	266	99718.5909950963
811886400	266	99756.7476767148
811890000	266	99790.9769109065
811893600	266	99776.7476767148
811897200	266	99769.7847374429
811900800	267	99679.7847374429
811904400	267	99673.7121848698
811908000	267	99699.7847374429
811911600	267	99709.7847374429
811915200	267	99642.5200114062
811918800	267	99589.7847374429
811922400	267	99499.7847374429
811926000	267	99484.0139716346
811929600	267	99502.8217981709
811933200	267	99503.1220160527
811936800	267	99514.9653344341
811940400	267	99524.9653344341
811944000	267	99563.1220160527
811947600	267	99574.6635476694
811951200	267	99563.1220160527
811954800	267	99525.857290016
811958400	267	99485.857290016
811962000	267	99468.5925639793
811965600	267	99389.7847374429
811969200	267	99442.8202292879
811972800	267	99510.0849553247
811976400	267	99542.820229288
811980000	267	99560.0865242077
811983600	267	99582.8217981709
811987200	268	99597.0510323627
811990800	268	99582.8217981709
811994400	268	99579.7863063259
811998000	268	99579.7863063259
812001600	268	99572.823367054
812005200	268	99569.7878752089
812008800	268	99683.7153226358
812012400	268	99711.8735731374
812016000	268	99730.6813996738
812019600	268	99697.9461257105
812023200	268	99702.5247180552
812026800	268	99712.82650482
812030400	268	99823.7153226358
812034000	268	99894.6088471007
812037600	268	99863.4166736371
812041200	268	99821.5733552557
812044800	268	99801.5733552557
812048400	268	99801.5733552557
812052000	268	99788.8396501754
812055600	268	99831.8767109035
812059200	268	99841.8767109035
812062800	268	99827.9476945935
812066400	268	99866.1028073291
812070000	268	99895.8010205643
812073600	269	99905.8010205643
812077200	269	99960.030254756
812080800	269	99978.5362945276
812084400	269	99982.7639598363
812088000	269	100010.920641455
812091600	269	100026.691407263
812095200	269	99942.7639598363
812098800	269	99981.5717863727
812102400	269	100034.607278218
812106000	269	100067.642770063
812109600	269	100054.605709335
812113200	269	100053.413535871
812116800	269	100030.678261908
812120400	269	100036.449027716
812124000	269	100032.521580289
812127600	269	100008.594132862
812131200	269	99979.7863063259
812134800	269	99938.8943507441
812138400	269	99882.8217981709
812142000	269	99898.8943507441
812145600	269	99927.0510323626
812149200	269	99959.7863063259
812152800	269	99979.1351614081
812156400	269	99993.7137537528
812160000	270	99968.8943507441
812163600	270	99974.0155405176
812167200	270	99944.0155405176
812170800	270	99912.5215802892
812174400	270	99849.7863063259
812178000	270	99795.858858899
812181600	270	99712.821798171
812185200	270	99712.821798171
812188800	270	99732.8217981709
812192400	270	99707.0510323627
812196000	270	99659.7863063259
812199600	270	99624.0155405176
812203200	270	99539.1961375088
812206800	270	99530.0880930907
812210400	270	99490.0880930907
812214000	270	99415.860427782
812217600	270	99328.8959196271
812221200	270	99278.8959196271
812224800	270	99201.0410247733
812228400	270	99205.2702589649
812232000	270	99192.2331982369
812235600	270	99172.2331982369
812239200	270	99114.9684722002
812242800	270	99052.2331982369
812246400	271	98978.30575081
812250000	271	98949.1977063918
812253600	271	98918.30575081
812257200	271	98854.3783033831
812260800	271	98768.30575081
812264400	271	98708.30575081
812268000	271	98668.0039640452
812271600	271	98674.9684722002
812275200	271	98716.1606456638
812278800	271	98736.1606456638
812282400	271	98743.1251538187
812286000	271	98733.1251538187
812289600	271	98783.1267227018
812293200	271	98754.0186782836
812296800	271	98737.0541701287
812300400	271	98719.7894440919
812304000	271	98650.9816175556
812307600	271	98600.9816175556
812311200	271	98524.0186782836
812314800	271	98560.9831864386
812318400	271	98626.1043762121
812322000	271	98679.7331746403
812325600	271	98709.7331746402
812329200	271	98760.9253481039
812332800	272	98768.8412190584
812336400	272	98818.8412190584
812340000	272	98855.8041583304
812343600	272	98829.7300368742
812347200	272	98780.9237792209
812350800	272	98767.8882873758
812354400	272	98770.9237792209
812358000	272	98873.9592710659
812361600	272	98953.9592710659
812365200	272	99000.9222103379
812368800	272	99006.6945450292
812372400	272	99013.9592710659
812376000	272	99050.033392522
812379600	272	99106.996331794
812383200	272	99126.996331794
812386800	272	99087.8882873758
812390400	272	99015.1530134125
812394000	272	98966.996331794
812397600	272	98950.3336104038
812401200	272	99038.8396501754
812404800	272	99091.5733552556
812408400	272	99151.8735731374
812412000	272	99177.6443389458
812415600	272	99183.065746601
812419200	273	99137.9461257105
812422800	273	99147.6459078288
812426400	273	99120.6813996738
812430000	273	99100.6813996738
812433600	273	99071.8735731374
812437200	273	99047.6443389458
812440800	273	98977.6427700628
812444400	273	99011.8720042544
812448000	273	99044.6072782177
812451600	273	99052.7639598363
812455200	273	99044.6072782177
812458800	273	99048.8365124094
812462400	273	99000.6798307908
812466000	273	99021.5717863727
812469600	273	99028.5362945276
812473200	273	98991.5717863727
812476800	273	98955.8010205643
812480400	273	98925.8010205643
812484000	273	98835.8010205643
812487600	273	98841.5717863726
812491200	273	98864.6072782177
812494800	273	98911.5717863727
812498400	273	98921.5717863726
812502000	273	98918.8365124094
