Unix	jday	Temp
1199145600	1	15.8
1199232000	2	16.06
1199318400	3	16.39
1199404800	4	16.53
1199491200	5	16.65
1199577600	6	16.68
1199664000	7	16.58
1199750400	8	16.48
1199836800	9	16.44
1199923200	10	16.34
1200009600	11	16.5
1200096000	12	16.76
1200182400	13	16.8
1200268800	14	16.93
1200355200	15	17.21
1200441600	16	17.49
1200528000	17	17.68
1200614400	18	17.65
1200700800	19	17.66
1200787200	20	17.66
1200873600	21	17.52
1200960000	22	17.4
1201046400	23	17.21
1201132800	24	17.08
1201219200	25	17.02
1201305600	26	16.86
1201392000	27	16.74
1201478400	28	16.73
1201564800	29	16.87
1201651200	30	17.05
1201737600	31	17.21
1201824000	32	17.48
1201910400	33	17.56
1201996800	34	17.6
1202083200	35	17.56
1202169600	36	17.47
1202256000	37	17.45
1202342400	38	17.38
1202428800	39	17.17
1202515200	40	17.16
1202601600	41	17.24
1202688000	42	17.34
1202774400	43	17.38
1202860800	44	17.39
1202947200	45	17.41
1203033600	46	17.28
1203120000	47	17.01
1203206400	48	16.74
1203292800	49	16.61
1203379200	50	17.01
1203465600	51	16.95
1203552000	52	17.17
1203638400	53	17.27
1203724800	54	17.13
1203811200	55	17.01
1203897600	56	16.69
1203984000	57	16.47
1204070400	58	16.43
1204156800	59	16.49
1204243200	60	16.63
1204329600	61	16.72
1204416000	62	16.72
1204502400	63	16.63
1204588800	64	16.52
1204675200	65	16.3
1204761600	66	16.24
1204848000	67	16.49
1204934400	68	16.68
1205020800	69	16.65
1205107200	70	16.38
1205193600	71	16.25
1205280000	72	16.22
1205366400	73	16.56
1205452800	74	16.74
1205539200	75	16.74
1205625600	76	16.62
1205712000	77	16.46
1205798400	78	16.5
1205884800	79	16.69
1205971200	80	16.97
1206057600	81	16.84
1206144000	82	16.61
1206230400	83	16.54
1206316800	84	16.68
1206403200	85	16.89
1206489600	86	16.88
1206576000	87	16.89
1206662400	88	16.91
1206748800	89	16.87
1206835200	90	16.82
1206921600	91	16.79
1207008000	92	16.64
1207094400	93	16.5
1207180800	94	16.39
1207267200	95	16.35
1207353600	96	16.18
1207440000	97	16
1207526400	98	15.87
1207612800	99	15.82
1207699200	100	15.81
1207785600	101	15.77
1207872000	102	15.75
1207958400	103	15.73
1208044800	104	15.77
1208131200	105	15.77
1208217600	106	15.71
1208304000	107	15.63
1208390400	108	15.29
1208476800	109	15
1208563200	110	14.94
1208649600	111	15.12
1208736000	112	15.21
1208822400	113	15.1
1208908800	114	14.92
1208995200	115	14.85
1209081600	116	14.81
1209168000	117	14.8
1209254400	118	14.8
1209340800	119	14.76
1209427200	120	14.66
1209513600	121	14.46
1209600000	122	14.28
1209686400	123	13.98
1209772800	124	13.56
1209859200	125	13.29
1209945600	126	13.18
1210032000	127	13.12
1210118400	128	13.02
1210204800	129	13.03
1210291200	130	13.01
1210377600	131	12.96
1210464000	132	12.81
1210550400	133	12.57
1210636800	134	12.44
1210723200	135	12.49
1210809600	136	12.51
1210896000	137	12.49
1210982400	138	12.5
1211068800	139	12.47
1211155200	140	12.42
1211241600	141	12.42
1211328000	142	12.44
1211414400	143	12.44
1211500800	144	12.44
1211587200	145	12.44
1211673600	146	12.42
1211760000	147	12.38
1211846400	148	12.32
1211932800	149	12.21
1212019200	150	12.1
1212105600	151	12.08
1212192000	152	12.05
1212278400	153	12.02
1212364800	154	11.94
1212451200	155	11.89
1212537600	156	11.9
1212624000	157	11.93
1212710400	158	11.83
1212796800	159	11.6
1212883200	160	11.48
1212969600	161	11.39
1213056000	162	11.29
1213142400	163	11.24
1213228800	164	11.24
1213315200	165	11.27
1213401600	166	11.35
1213488000	167	11.41
1213574400	168	11.43
1213660800	169	11.29
1213747200	170	11.21
1213833600	171	11.18
1213920000	172	11.11
1214006400	173	11.01
1214092800	174	10.97
1214179200	175	10.87
1214265600	176	10.78
1214352000	177	10.73
1214438400	178	10.73
1214524800	179	10.73
1214611200	180	10.74
1214697600	181	10.39
1214784000	182	10.12
1214870400	183	10.02
1214956800	184	10.02
1215043200	185	10
1215129600	186	9.96
1215216000	187	9.81
1215302400	188	9.66
1215388800	189	9.36
1215475200	190	9.1
1215561600	191	8.98
1215648000	192	8.93
1215734400	193	9.01
1215820800	194	9.1
1215907200	195	9.13
1215993600	196	9.16
1216080000	197	9.17
1216166400	198	9.19
1216252800	199	9.22
1216339200	200	9.24
1216425600	201	9.26
1216512000	202	9.26
1216598400	203	9.26
1216684800	204	9.26
1216771200	205	9.3
1216857600	206	9.34
1216944000	207	9.38
1217030400	208	9.42
1217116800	209	9.4
1217203200	210	9.34
1217289600	211	9.24
1217376000	212	9.15
1217462400	213	8.98
1217548800	214	8.81
1217635200	215	8.71
1217721600	216	8.75
1217808000	217	8.82
1217894400	218	8.73
1217980800	219	8.68
1218067200	220	8.72
1218153600	221	8.83
1218240000	222	8.79
1218326400	223	8.71
1218412800	224	8.66
1218499200	225	8.78
1218585600	226	8.9
1218672000	227	8.86
1218758400	228	8.67
1218844800	229	8.46
1218931200	230	8.45
1219017600	231	8.42
1219104000	232	8.41
1219190400	233	8.4
1219276800	234	8.42
1219363200	235	8.52
1219449600	236	8.57
1219536000	237	8.59
1219622400	238	8.63
1219708800	239	8.65
1219795200	240	8.66
1219881600	241	8.7
1219968000	242	8.73
1220054400	243	8.73
1220140800	244	8.85
1220227200	245	9.13
1220313600	246	9.26
1220400000	247	9.33
1220486400	248	9.22
1220572800	249	9.09
1220659200	250	9.08
1220745600	251	9.2
1220832000	252	9.23
1220918400	253	9.29
1221004800	254	9.4
1221091200	255	9.42
1221177600	256	9.42
1221264000	257	9.57
1221350400	258	9.9
1221436800	259	10.09
1221523200	260	10.4
1221609600	261	10.66
1221696000	262	10.66
1221782400	263	10.33
1221868800	264	10.17
1221955200	265	10.26
1222041600	266	10.47
1222128000	267	10.56
1222214400	268	10.68
1222300800	269	10.86
1222387200	270	10.94
1222473600	271	10.7
1222560000	272	10.49
1222646400	273	10.48
1222732800	274	10.4
1222819200	275	10.33
1222905600	276	10.29
1222992000	277	10.3
1223078400	278	10.46
1223164800	279	10.59
1223251200	280	10.68
1223337600	281	10.74
1223424000	282	10.76
1223510400	283	10.83
1223596800	284	11.11
1223683200	285	11.58
1223769600	286	11.99
1223856000	287	12.06
1223942400	288	11.94
1224028800	289	11.99
1224115200	290	11.99
1224201600	291	11.96
1224288000	292	12.03
1224374400	293	12.13
1224460800	294	12.2
1224547200	295	12.2
1224633600	296	12.27
1224720000	297	12.09
1224806400	298	11.98
1224892800	299	12.17
1224979200	300	12.47
1225065600	301	12.67
1225152000	302	12.61
1225238400	303	12.48
1225324800	304	12.42
1225411200	305	12.46
1225497600	306	12.59
1225584000	307	12.78
1225670400	308	12.97
1225756800	309	12.97
1225843200	310	12.84
1225929600	311	12.76
1226016000	312	12.72
1226102400	313	12.69
1226188800	314	12.74
1226275200	315	12.83
1226361600	316	12.96
1226448000	317	13.16
1226534400	318	13.51
1226620800	319	13.78
1226707200	320	13.94
1226793600	321	14.06
1226880000	322	14.12
1226966400	323	14.12
1227052800	324	14.1
1227139200	325	14
1227225600	326	13.91
1227312000	327	13.83
1227398400	328	13.78
1227484800	329	13.91
1227571200	330	14.1
1227657600	331	14.22
1227744000	332	14.27
1227830400	333	14.31
1227916800	334	14.4
1228003200	335	14.36
1228089600	336	14.35
1228176000	337	14.33
1228262400	338	14.42
1228348800	339	14.68
1228435200	340	14.9
1228521600	341	15.15
1228608000	342	15.37
1228694400	343	15.44
1228780800	344	15.35
1228867200	345	15.25
1228953600	346	15.18
1229040000	347	15.12
1229126400	348	15.07
1229212800	349	15.11
1229299200	350	15.21
1229385600	351	15.26
1229472000	352	15.21
1229558400	353	15.17
1229644800	354	15.15
1229731200	355	14.86
1229817600	356	14.78
1229904000	357	14.88
1229990400	358	15.01
1230076800	359	14.99
1230163200	360	15.02
1230249600	361	15.06
1230336000	362	15.25
1230422400	363	15.52
1230508800	364	16.11
1230595200	365	16.66
1230681600	366	17.12
