Unix	jday	Temperature
1146441600	121	286.383941764376
1146445200	121	286.581489034751
1146448800	121	286.62329381759
1146452400	121	286.329709097568
1146456000	121	285.806663187755
1146459600	121	285.046251452417
1146463200	121	284.225461186568
1146466800	121	283.999369317558
1146470400	121	283.855633298047
1146474000	121	283.691149354514
1146477600	121	283.472497362874
1146481200	121	283.244115339214
1146484800	121	283.178956379588
1146488400	121	283.160213377615
1146492000	121	282.905911770994
1146495600	121	282.381759583874
1146499200	121	282.093260619631
1146502800	121	282.120570726691
1146506400	121	281.985636812129
1146510000	121	281.873102565185
1146513600	121	282.601590399626
1146517200	121	283.953563052419
1146520800	121	284.477073001786
1146524400	121	284.957821112102
1146528000	122	285.200516289857
1146531600	122	285.334373578592
1146535200	122	285.404447688869
1146538800	122	285.066425369241
1146542400	122	284.676728436161
1146546000	122	284.142850152776
1146549600	122	283.517600966127
1146553200	122	283.279575722631
1146556800	122	283.015284964866
1146560400	122	282.580960048239
1146564000	122	281.879339210099
1146567600	122	280.909993930747
1146571200	122	280.524427968041
1146574800	122	280.397059048931
1146578400	122	281.611276693625
1146582000	122	281.981141852194
1146585600	122	281.882224859239
1146589200	122	281.499522602981
1146592800	122	281.020899077783
1146596400	122	280.770083062618
1146600000	122	281.680524254621
1146603600	122	284.092258652357
1146607200	122	284.807039178888
1146610800	122	285.211113762218
1146614400	123	285.725133309761
1146618000	123	285.902871298706
1146621600	123	286.086582178625
1146625200	123	286.022211607054
1146628800	123	285.543936651624
1146632400	123	283.969303036605
1146636000	123	282.443996361742
1146639600	123	282.511500072852
1146643200	123	281.830975275705
1146646800	123	280.885908209642
1146650400	123	280.359567345587
1146654000	123	280.210490336289
1146657600	123	280.32062570142
1146661200	123	280.009552161704
1146664800	123	279.997017782931
1146668400	123	280.069464739395
1146672000	123	279.702825234508
1146675600	123	279.399761649164
1146679200	123	278.547417868003
1146682800	123	279.566669292668
1146686400	123	280.749379067078
1146690000	123	282.936548453848
1146693600	123	284.686421642853
1146697200	123	286.255723780565
1146700800	124	286.354759871568
1146704400	124	287.2886411622
1146708000	124	287.600746680083
1146711600	124	287.524128672742
1146715200	124	286.999078471655
1146718800	124	286.224513895533
1146722400	124	285.179005952019
1146726000	124	285.07207615951
1146729600	124	285.180131174013
1146733200	124	284.983219295765
1146736800	124	284.495997085721
1146740400	124	284.338628622537
1146744000	124	284.681584378074
1146747600	124	284.570298724791
1146751200	124	284.476996711249
1146754800	124	284.554603912601
1146758400	124	284.869478413886
1146762000	124	285.010681993869
1146765600	124	284.869304085581
1146769200	124	284.834682972607
1146772800	124	284.891170456242
1146776400	124	284.888029211678
1146780000	124	284.952072525095
1146783600	124	285.078751941827
1146787200	125	285.463367911517
1146790800	125	285.741417969962
1146794400	125	286.151565581388
1146798000	125	286.520746537214
1146801600	125	286.304154713905
1146805200	125	285.796707640228
1146808800	125	285.066802442247
1146812400	125	284.91512251553
1146816000	125	284.445744139732
1146819600	125	284.197307603654
1146823200	125	284.017283267289
1146826800	125	283.86911489799
1146830400	125	283.430033396237
1146834000	125	283.379515949585
1146837600	125	283.229460931783
1146841200	125	283.051692131744
1146844800	125	282.835744489762
1146848400	125	282.64012161143
1146852000	125	282.30042466593
1146855600	125	282.209954304978
1146859200	125	282.516062076604
1146862800	125	283.96806448518
1146866400	125	285.141581111557
1146870000	125	285.891812911967
1146873600	126	286.406958278241
1146877200	126	286.591166333349
1146880800	126	286.638582883314
1146884400	126	286.430913150771
1146888000	126	285.904152760231
1146891600	126	284.989822351792
1146895200	126	282.373283872357
1146898800	126	281.381541433025
1146902400	126	280.674240383211
1146906000	126	280.694380147117
1146909600	126	281.150602689089
1146913200	126	281.883765568613
1146916800	126	282.698632995518
1146920400	126	282.702632922411
1146924000	126	282.784864757991
1146927600	126	283.1137192319
1146931200	126	284.291410248403
1146934800	126	284.542515552231
1146938400	126	284.471450091469
1146942000	126	284.295747093476
1146945600	126	284.1250011302
1146949200	126	284.073788196369
1146952800	126	284.144747756195
1146956400	126	284.299810153127
1146960000	127	284.451666166477
1146963600	127	284.456616651283
1146967200	127	284.88063531236
1146970800	127	284.813904585969
1146974400	127	284.379973162131
1146978000	127	283.505983437154
1146981600	127	282.978258410669
1146985200	127	283.096591627193
1146988800	127	283.128051145138
1146992400	127	283.097528587866
1146996000	127	283.013162962036
1146999600	127	282.906479969589
1147003200	127	282.836542179545
1147006800	127	282.799187484476
1147010400	127	282.515188269268
1147014000	127	281.31781077268
1147017600	127	280.288048606376
1147021200	127	279.923291310827
1147024800	127	279.983006346266
1147028400	127	280.432276874937
1147032000	127	280.594925902558
1147035600	127	281.370002050754
1147039200	127	282.830207270266
1147042800	127	284.350668991112
1147046400	128	285.08745415941
1147050000	128	285.216932518433
1147053600	128	285.529342159939
1147057200	128	285.539483225723
1147060800	128	285.110236969968
1147064400	128	284.25250634423
1147068000	128	283.278330280136
1147071600	128	283.184167237529
1147075200	128	283.181337633485
1147078800	128	283.21671622947
1147082400	128	283.258872213836
1147086000	128	283.323861329841
1147089600	128	283.631734649496
1147093200	128	283.769320441334
1147096800	128	283.291505757171
1147100400	128	283.016671009235
1147104000	128	282.84530431896
1147107600	128	282.682138016547
1147111200	128	282.460304723137
1147114800	128	282.466916753001
1147118400	128	282.408732344132
1147122000	128	283.538594581924
1147125600	128	284.947677483358
1147129200	128	285.860157789352
1147132800	129	285.589585622822
1147136400	129	285.764865838804
1147140000	129	285.91086093685
1147143600	129	285.776382631093
1147147200	129	285.291511394272
1147150800	129	284.542243848962
1147154400	129	283.972118058744
1147158000	129	284.353844919262
1147161600	129	284.411640552137
1147165200	129	284.364438386836
1147168800	129	284.169816976485
1147172400	129	283.940706421192
1147176000	129	282.729378925805
1147179600	129	281.887045186892
1147183200	129	281.890041395988
1147186800	129	282.161295018537
1147190400	129	281.868623186494
1147194000	129	281.551044976385
1147197600	129	281.474559425615
1147201200	129	281.990509152715
1147204800	129	282.170184727052
1147208400	129	284.221622172787
1147212000	129	285.632607696729
1147215600	129	286.751372092007
1147219200	130	286.971385618958
1147222800	130	287.448837838015
1147226400	130	287.964535505503
1147230000	130	288.196995985647
1147233600	130	287.83611023242
1147237200	130	285.663756339268
1147240800	130	284.473428738405
1147244400	130	284.151096784646
1147248000	130	283.804794017299
1147251600	130	283.538035836123
1147255200	130	283.213885187629
1147258800	130	282.927478020303
1147262400	130	282.872752215325
1147266000	130	282.727170081778
1147269600	130	282.412442433393
1147273200	130	282.231664468272
1147276800	130	282.259273546225
1147280400	130	282.218249909433
1147284000	130	283.094195366101
1147287600	130	282.991158247745
1147291200	130	283.109080414551
1147294800	130	284.462312447845
1147298400	130	285.446268243015
1147302000	130	285.847612075236
1147305600	131	286.381523725252
1147309200	131	286.150407784135
1147312800	131	285.545610930246
1147316400	131	285.0674839825
1147320000	131	284.795873075095
1147323600	131	284.346803904785
1147327200	131	284.035667851907
1147330800	131	284.055360122293
1147334400	131	284.34776661438
1147338000	131	284.623959934006
1147341600	131	284.696258443687
1147345200	131	284.703662370503
1147348800	131	284.662400144261
1147352400	131	284.511960158225
1147356000	131	284.529742172775
1147359600	131	284.732879486744
1147363200	131	284.704407244399
1147366800	131	284.527642242851
1147370400	131	283.708573472921
1147374000	131	282.863144216995
1147377600	131	282.65222936924
1147381200	131	282.836106517505
1147384800	131	282.793043813058
1147388400	131	282.675715985393
1147392000	132	282.54757542646
1147395600	132	282.254514527463
1147399200	132	282.091230799985
1147402800	132	282.254662098733
1147406400	132	282.308644116516
1147410000	132	282.027223648037
1147413600	132	282.223504848911
1147417200	132	282.258818448168
1147420800	132	282.095301607851
1147424400	132	281.92001789432
1147428000	132	281.619252933979
1147431600	132	281.324907351372
1147435200	132	280.689525852599
1147438800	132	280.096525592928
1147442400	132	279.651901249169
1147446000	132	279.290389028304
1147449600	132	278.95978109962
1147453200	132	278.616706512231
1147456800	132	278.227957043713
1147460400	132	278.180186810397
1147464000	132	278.413953030891
1147467600	132	279.804558878784
1147471200	132	281.501216666754
1147474800	132	283.172822562799
1147478400	133	284.016979451429
1147482000	133	284.545743882579
1147485600	133	285.078333929933
1147489200	133	285.21331846843
1147492800	133	284.77244952631
1147496400	133	283.585167876183
1147500000	133	282.640694214634
1147503600	133	282.495301636494
1147507200	133	282.183165629268
1147510800	133	281.794088205415
1147514400	133	281.118598578821
1147518000	133	280.654492520116
1147521600	133	280.870628066422
1147525200	133	281.268289870204
1147528800	133	281.923235327201
1147532400	133	282.589081954237
1147536000	133	282.992704846773
1147539600	133	283.265155319097
1147543200	133	284.243421245797
1147546800	133	284.664289182839
1147550400	133	284.688982057482
1147554000	133	285.503835466312
1147557600	133	286.044264387046
1147561200	133	285.326161467522
1147564800	134	282.232069236222
1147568400	134	280.440875082089
1147572000	134	279.727293128662
1147575600	134	279.143842685407
1147579200	134	278.797344788309
1147582800	134	278.672600222811
1147586400	134	278.84046110629
1147590000	134	279.42564228515
1147593600	134	279.640921532394
1147597200	134	279.772978520765
1147600800	134	279.764748291305
1147604400	134	279.724126872727
1147608000	134	279.402046219455
1147611600	134	279.83516939046
1147615200	134	280.101860591906
1147618800	134	280.111671525476
1147622400	134	280.038285518627
1147626000	134	279.970448721647
1147629600	134	279.803453509275
1147633200	134	279.759342689438
1147636800	134	279.676514407435
1147640400	134	280.079394918708
1147644000	134	280.792070044661
1147647600	134	281.235156688357
1147651200	135	281.169507047498
1147654800	135	281.219448194474
1147658400	135	280.862991020278
1147662000	135	280.809594068467
1147665600	135	280.917092364025
1147669200	135	280.892044335105
1147672800	135	280.803633089998
1147676400	135	280.929189528475
1147680000	135	280.64948897773
1147683600	135	280.509581704869
1147687200	135	280.277323694731
1147690800	135	279.993820671247
1147694400	135	279.780924969869
1147698000	135	279.493536508918
1147701600	135	279.149146581135
1147705200	135	278.78976362519
1147708800	135	278.364546861125
1147712400	135	277.899183821426
1147716000	135	277.796652262231
1147719600	135	277.919382170228
1147723200	135	278.151230493316
1147726800	135	279.69724481369
1147730400	135	281.583423993456
1147734000	135	282.977897555617
1147737600	136	284.209698798972
1147741200	136	285.213163286269
1147744800	136	285.74301781944
1147748400	136	285.601175435429
1147752000	136	284.834902418065
1147755600	136	283.690238635033
1147759200	136	282.153141377493
1147762800	136	281.984840658386
1147766400	136	281.232760777022
1147770000	136	280.795340741471
1147773600	136	280.764982089477
1147777200	136	281.075909065068
1147780800	136	281.955825078779
1147784400	136	281.836232934768
1147788000	136	281.692787904431
1147791600	136	281.420338263033
1147795200	136	281.030535799416
1147798800	136	280.694697845299
1147802400	136	280.438242007754
1147806000	136	280.397720385384
1147809600	136	280.904209670755
1147813200	136	283.307670461967
1147816800	136	285.104533815348
1147820400	136	286.004219783009
1147824000	137	286.299673387988
1147827600	137	286.566556698217
1147831200	137	286.701374588913
1147834800	137	286.450219480322
1147838400	137	285.682526525256
1147842000	137	283.702364209178
1147845600	137	282.365385809577
1147849200	137	282.101987804017
1147852800	137	282.184724315638
1147856400	137	282.038994887252
1147860000	137	281.727781901859
1147863600	137	281.559872818948
1147867200	137	281.181855774514
1147870800	137	281.192398828023
1147874400	137	281.080481982338
1147878000	137	280.93659059923
1147881600	137	280.969995448942
1147885200	137	281.0596193882
1147888800	137	281.191195863399
1147892400	137	281.440047011868
1147896000	137	281.212961724951
1147899600	137	282.734973209305
1147903200	137	284.186624729664
1147906800	137	284.892782030962
1147910400	138	285.91457343873
1147914000	138	286.643902351312
1147917600	138	287.093503653545
1147921200	138	287.325993817908
1147924800	138	286.653301084494
1147928400	138	282.808477207374
1147932000	138	282.110534743916
1147935600	138	283.136996473165
1147939200	138	284.010028906906
1147942800	138	284.052018274381
1147946400	138	284.607436504488
1147950000	138	284.204056676262
1147953600	138	284.836611443112
1147957200	138	284.567450383136
1147960800	138	284.12644628453
1147964400	138	283.745178139886
1147968000	138	283.450130858173
1147971600	138	283.171788552291
1147975200	138	283.289108714201
1147978800	138	283.237180605796
1147982400	138	283.105888944228
1147986000	138	283.403962880335
1147989600	138	283.938814485195
1147993200	138	284.152229148697
1147996800	139	284.85447305507
1148000400	139	285.087404732887
1148004000	139	285.020194130066
1148007600	139	284.862785554179
1148011200	139	284.250142606233
1148014800	139	282.210094519958
1148018400	139	281.784728407259
1148022000	139	281.764336563844
1148025600	139	281.540430313237
1148029200	139	281.319523580183
1148032800	139	281.261530409984
1148036400	139	281.243643055568
1148040000	139	281.490931136598
1148043600	139	281.119193969284
1148047200	139	280.925699627356
1148050800	139	280.920449763683
1148054400	139	280.894196134585
1148058000	139	280.843957364066
1148061600	139	280.705288859866
1148065200	139	280.733652850272
1148068800	139	280.64736250812
1148072400	139	281.73759375864
1148076000	139	283.201644610523
1148079600	139	284.325009294248
1148083200	140	285.288857207859
1148086800	140	285.882878804541
1148090400	140	286.358558179307
1148094000	140	286.571764790929
1148097600	140	285.9466455525
1148101200	140	284.056094382702
1148104800	140	282.650324617836
1148108400	140	282.085780360322
1148112000	140	281.655413879839
1148115600	140	281.273753353512
1148119200	140	281.073052184332
1148122800	140	280.908414263356
1148126400	140	281.210343229153
1148130000	140	281.170252714704
1148133600	140	281.079453615846
1148137200	140	281.12936360323
1148140800	140	281.325189328045
1148144400	140	281.731289333245
1148148000	140	282.436540712534
1148151600	140	282.985272905739
1148155200	140	283.492457102761
1148158800	140	284.67790510519
1148162400	140	285.986722035299
1148166000	140	287.09875999203
1148169600	141	288.716427667949
1148173200	141	289.180731868724
1148176800	141	289.213022456624
1148180400	141	288.834557212133
1148184000	141	287.814667661189
1148187600	141	286.427877199184
1148191200	141	285.75780805093
1148194800	141	286.027541628285
1148198400	141	285.92505712003
1148202000	141	285.424302415774
1148205600	141	284.939082229084
1148209200	141	284.572577810009
1148212800	141	284.073453795666
1148216400	141	283.945378291487
1148220000	141	283.995035966666
1148223600	141	283.874805649053
1148227200	141	283.806655627881
1148230800	141	283.753899082067
1148234400	141	283.765533877434
1148238000	141	283.798950121799
1148241600	141	283.834518778279
1148245200	141	283.901686031781
1148248800	141	284.011239638018
1148252400	141	284.19977532807
1148256000	142	284.135231637052
1148259600	142	284.137459367181
1148263200	142	283.807044361163
1148266800	142	283.458914142209
1148270400	142	282.939640367135
1148274000	142	282.340023828702
1148277600	142	282.026157690549
1148281200	142	281.783637044143
1148284800	142	281.598421915931
1148288400	142	281.552273007285
1148292000	142	281.567065986917
1148295600	142	281.589998034446
1148299200	142	281.6113506313
1148302800	142	281.558178301936
1148306400	142	281.628584681716
1148310000	142	281.715924387701
1148313600	142	281.832979063828
1148317200	142	281.958279791344
1148320800	142	282.005621322672
1148324400	142	282.145224712357
1148328000	142	282.215582192841
1148331600	142	282.360283940814
1148335200	142	282.58539625173
1148338800	142	282.748904857902
1148342400	143	282.730639241899
1148346000	143	282.630904472055
1148349600	143	282.589003002191
1148353200	143	282.605137823
1148356800	143	282.513339425756
1148360400	143	282.360997299541
1148364000	143	282.009847588506
1148367600	143	281.958703857823
1148371200	143	281.938465681607
1148374800	143	281.985652903102
1148378400	143	282.076374933864
1148382000	143	282.18410914137
1148385600	143	282.050508762968
1148389200	143	281.982124267523
1148392800	143	282.020255760249
1148396400	143	282.15023878716
1148400000	143	282.234492781792
1148403600	143	282.330041497197
1148407200	143	282.085750150645
1148410800	143	282.194628983857
1148414400	143	282.312258080305
1148418000	143	282.557462899233
1148421600	143	283.113205186274
1148425200	143	283.618156277997
1148428800	144	283.342786322844
1148432400	144	283.30218016464
1148436000	144	283.137817758272
1148439600	144	282.945756744939
1148443200	144	282.691200671643
1148446800	144	282.196380524954
1148450400	144	281.952031776131
1148454000	144	282.053572344131
1148457600	144	281.884644845805
1148461200	144	281.46799324834
1148464800	144	280.669982058489
1148468400	144	279.712304814888
1148472000	144	279.165310161102
1148475600	144	279.125393978356
1148479200	144	278.706604856281
1148482800	144	278.524964352776
1148486400	144	279.000947269125
1148490000	144	279.711966834317
1148493600	144	279.560246752499
1148497200	144	280.053336570167
1148500800	144	280.125651137747
1148504400	144	281.121313794856
1148508000	144	282.265262776815
1148511600	144	282.980500077125
1148515200	145	282.875710674341
1148518800	145	283.250085105236
1148522400	145	283.570525195048
1148526000	145	283.712759160543
1148529600	145	283.505060166034
1148533200	145	283.217979511993
1148536800	145	283.064483197026
1148540400	145	283.509876881168
1148544000	145	283.874949944456
1148547600	145	284.130550964909
1148551200	145	284.291169785057
1148554800	145	284.436927904085
1148558400	145	284.453869501129
1148562000	145	284.855111440609
1148565600	145	285.029139787006
1148569200	145	285.443078440388
1148572800	145	285.721205901679
1148576400	145	285.949888658223
1148580000	145	286.428236286183
1148583600	145	286.69914946963
1148587200	145	286.601303959566
1148590800	145	286.64249089639
1148594400	145	287.089052281775
1148598000	145	287.69686884695
1148601600	146	288.669018326844
1148605200	146	289.000427592094
1148608800	146	288.833489006388
1148612400	146	288.416082182845
1148616000	146	287.836097102721
1148619600	146	287.319057446993
1148623200	146	287.66417135486
1148626800	146	287.526255292441
1148630400	146	286.997841426375
1148634000	146	286.429881149825
1148637600	146	286.232632437248
1148641200	146	286.174968502425
1148644800	146	286.821569258501
1148648400	146	286.89144490838
1148652000	146	286.860516663081
1148655600	146	286.861875841666
1148659200	146	286.934375511715
1148662800	146	286.99431158512
1148666400	146	286.821549444775
1148670000	146	286.759781057112
1148673600	146	286.788186168361
1148677200	146	286.992759332583
1148680800	146	287.655688216351
1148684400	146	288.388735950709
1148688000	147	288.45767366489
1148691600	147	289.219670176234
1148695200	147	289.917093436126
1148698800	147	290.216542469822
1148702400	147	289.504727639529
1148706000	147	287.877522264048
1148709600	147	287.000076009107
1148713200	147	286.71637302915
1148716800	147	287.17007973395
1148720400	147	286.923939850389
1148724000	147	286.647819548233
1148727600	147	286.311217898877
1148731200	147	286.174933343027
1148734800	147	285.838441899639
1148738400	147	285.382430693557
1148742000	147	285.08144840315
1148745600	147	284.711089049558
1148749200	147	284.338001318284
1148752800	147	284.349313788233
1148756400	147	283.682943427787
1148760000	147	282.75867218774
1148763600	147	284.580519381069
1148767200	147	286.149118373618
1148770800	147	286.848049283158
1148774400	148	286.996849287642
1148778000	148	287.337627258117
1148781600	148	287.287209571172
1148785200	148	287.042434350503
1148788800	148	286.354513014965
1148792400	148	285.071721149377
1148796000	148	283.692628374667
1148799600	148	283.312965818933
1148803200	148	282.811678966868
1148806800	148	282.321858632919
1148810400	148	282.054695347925
1148814000	148	281.857006534972
1148817600	148	282.657923418246
1148821200	148	282.876796225672
1148824800	148	282.881125312806
1148828400	148	283.370644405078
1148832000	148	283.952734951531
1148835600	148	284.00285829813
1148839200	148	283.844711537607
1148842800	148	283.561076558015
1148846400	148	283.259896648986
1148850000	148	283.036442778024
1148853600	148	282.969715010801
1148857200	148	283.037359556488
1148860800	149	283.517081177639
1148864400	149	284.08813998101
1148868000	149	284.379820711107
1148871600	149	284.272885344648
1148875200	149	283.940369646779
1148878800	149	283.500528440357
1148882400	149	283.267965502171
1148886000	149	283.265192800084
1148889600	149	283.177859895667
1148893200	149	283.124773440808
1148896800	149	283.017830895629
1148900400	149	282.91090924304
1148904000	149	282.692947100887
1148907600	149	282.610625699161
1148911200	149	282.532290002761
1148914800	149	282.548873034826
1148918400	149	282.621268077453
1148922000	149	282.682102433199
1148925600	149	282.765513209331
1148929200	149	282.734604629842
1148932800	149	282.703035766708
1148936400	149	282.909614175689
1148940000	149	283.299764165187
1148943600	149	283.596489924573
1148947200	150	283.742142872361
1148950800	150	283.987614782514
1148954400	150	284.139240669098
1148958000	150	283.938419538374
1148961600	150	283.500361679712
1148965200	150	283.06242951328
1148968800	150	282.608843042948
1148972400	150	282.641722533022
1148976000	150	282.5532112368
1148979600	150	282.373718364827
1148983200	150	282.100064409909
1148986800	150	281.66189660476
1148990400	150	281.180236258211
1148994000	150	280.620859669027
1148997600	150	279.981460200357
1149001200	150	279.764648029967
1149004800	150	279.576038619165
1149008400	150	279.481717793079
1149012000	150	280.043208342388
1149015600	150	280.064669140143
1149019200	150	280.176410944095
1149022800	150	280.492886737765
1149026400	150	281.275780821235
1149030000	150	282.075123881944
1149033600	151	282.948928331591
1149037200	151	283.147231646801
1149040800	151	283.231514933068
1149044400	151	283.18069703285
1149048000	151	282.784454190733
1149051600	151	280.783825189586
1149055200	151	280.425338264173
1149058800	151	280.371013838562
1149062400	151	280.438026341608
1149066000	151	280.104220713418
1149069600	151	279.304060834966
1149073200	151	278.83219035516
1149076800	151	279.272501568534
1149080400	151	279.411985678556
1149084000	151	279.106685665462
1149087600	151	278.732718032133
1149091200	151	278.390768560512
1149094800	151	277.992631318265
1149098400	151	277.918773617311
1149102000	151	277.666423161414
1149105600	151	277.354055184014
1149109200	151	278.894040090492
1149112800	151	280.885490505189
1149116400	151	281.975081018442
