Unix	jday	Precipitation_rate
1222819200	275	1.12636621809558e-05
1222822800	275	8.67488278239709e-06
1222826400	275	4.65163191634741e-05
1222830000	275	7.75265380325558e-05
1222833600	275	7.59746577120135e-05
1222837200	275	6.48227670822617e-05
1222840800	275	0
1222844400	275	0
1222848000	275	0
1222851600	275	2.36295963468568e-07
1222855200	275	3.93497765776878e-07
1222858800	275	3.17362990645603e-07
1222862400	275	0
1222866000	275	0
1222869600	275	0
1222873200	275	0
1222876800	275	0
1222880400	275	0
1222884000	275	0
1222887600	275	0
1222891200	275	7.81076846499608e-08
1222894800	275	9.08985903938484e-08
1222898400	275	1.37773560633224e-08
1222902000	275	1.9729008631625e-09
1222905600	276	0
1222909200	276	0
1222912800	276	0
1222916400	276	0
1222920000	276	0
1222923600	276	0
1222927200	276	0
1222930800	276	0
1222934400	276	0
1222938000	276	0
1222941600	276	0
1222945200	276	0
1222948800	276	0
1222952400	276	0
1222956000	276	0
1222959600	276	0
1222963200	276	0
1222966800	276	0
1222970400	276	0
1222974000	276	0
1222977600	276	0
1222981200	276	0
1222984800	276	0
1222988400	276	0
1222992000	277	0
1222995600	277	0
1222999200	277	0
1223002800	277	0
1223006400	277	0
1223010000	277	0
1223013600	277	0
1223017200	277	0
1223020800	277	0
1223024400	277	0
1223028000	277	0
1223031600	277	0
1223035200	277	0
1223038800	277	0
1223042400	277	0
1223046000	277	0
1223049600	277	0
1223053200	277	0
1223056800	277	0
1223060400	277	0
1223064000	277	0
1223067600	277	0
1223071200	277	0
1223074800	277	0
1223078400	278	0
1223082000	278	0
1223085600	278	0
1223089200	278	0
1223092800	278	0
1223096400	278	0
1223100000	278	0
1223103600	278	1.18044552001599e-08
1223107200	278	0
1223110800	278	1.37773560633224e-08
1223114400	278	9.86450431581248e-10
1223118000	278	9.86450431581248e-10
1223121600	278	1.06240100827473e-07
1223125200	278	2.36089104003198e-08
1223128800	278	1.18044552001599e-08
1223132400	278	1.86936643691405e-06
1223136000	278	1.89297534999839e-06
1223139600	278	1.88117089077219e-06
1223143200	278	7.00009836185032e-07
1223146800	278	2.43998190857285e-06
1223150400	278	3.93226977766583e-06
1223154000	278	3.37374457711665e-06
1223157600	278	1.84076821161417e-06
1223161200	278	1.59069482172038e-06
1223164800	279	5.79717766056438e-06
1223168400	279	4.82177270856008e-06
1223172000	279	2.88511679746481e-06
1223175600	279	2.87232588791918e-06
1223179200	279	4.71709675964318e-06
1223182800	279	7.48474669842116e-06
1223186400	279	9.26420078967279e-06
1223190000	279	7.4066390137712e-06
1223193600	279	5.54907724323767e-06
1223197200	279	3.7033195068856e-06
1223200800	279	2.76863639468976e-06
1223204400	279	1.8575619830559e-06
1223208000	279	0
1223211600	279	0
1223215200	279	0
1223218800	279	0
1223222400	279	0
1223226000	279	0
1223229600	279	0
1223233200	279	0
1223236800	279	0
1223240400	279	0
1223244000	279	0
1223247600	279	0
1223251200	280	0
1223254800	280	0
1223258400	280	0
1223262000	280	0
1223265600	280	0
1223269200	280	0
1223272800	280	0
1223276400	280	0
1223280000	280	0
1223283600	280	0
1223287200	280	0
1223290800	280	0
1223294400	280	1.83395307131357e-06
1223298000	280	1.40263405795419e-05
1223301600	280	4.08770052403836e-05
1223305200	280	7.87715511351208e-05
1223308800	280	7.78262766550068e-05
1223312400	280	6.9434405296672e-05
1223316000	280	4.9713177690466e-06
1223319600	280	3.04646630644144e-06
1223323200	280	1.13675416306612e-06
1223326800	280	1.01044220170374e-06
1223330400	280	9.8584684366801e-07
1223334000	280	1.12729840233485e-06
1223337600	281	1.49028212502185e-06
1223341200	281	4.68524598664746e-06
1223344800	281	6.08167000167672e-06
1223348400	281	5.17256869873321e-06
1223352000	281	4.92940060179926e-06
1223355600	281	3.86408394731547e-06
1223359200	281	6.13025010243604e-06
1223362800	281	2.08624862645122e-05
1223366400	281	3.30403381266633e-05
1223370000	281	3.11351818739475e-05
1223373600	281	2.71755278085577e-05
1223377200	281	2.30340767990495e-05
1223380800	281	1.9729008631625e-09
1223384400	281	0
1223388000	281	0
1223391600	281	0
1223395200	281	0
1223398800	281	0
1223402400	281	0
1223406000	281	0
1223409600	281	0
1223413200	281	0
1223416800	281	0
1223420400	281	0
1223424000	282	0
1223427600	282	0
1223431200	282	0
1223434800	282	0
1223438400	282	0
1223442000	282	0
1223445600	282	0
1223449200	282	0
1223452800	282	0
1223456400	282	0
1223460000	282	0
1223463600	282	0
1223467200	282	0
1223470800	282	0
1223474400	282	2.95935140689017e-09
1223478000	282	5.91870281378035e-09
1223481600	282	4.93225204575981e-09
1223485200	282	3.94580172632499e-09
1223488800	282	0
1223492400	282	0
1223496000	282	0
1223499600	282	0
1223503200	282	0
1223506800	282	0
1223510400	283	0
1223514000	283	0
1223517600	283	0
1223521200	283	0
1223524800	283	0
1223528400	283	0
1223532000	283	0
1223535600	283	0
1223539200	283	0
1223542800	283	0
1223546400	283	0
1223550000	283	0
1223553600	283	0
1223557200	283	0
1223560800	283	0
1223564400	283	0
1223568000	283	0
1223571600	283	0
1223575200	283	0
1223578800	283	0
1223582400	283	0
1223586000	283	0
1223589600	283	0
1223593200	283	0
1223596800	284	0
1223600400	284	0
1223604000	284	0
1223607600	284	0
1223611200	284	0
1223614800	284	0
1223618400	284	0
1223622000	284	0
1223625600	284	0
1223629200	284	0
1223632800	284	0
1223636400	284	0
1223640000	284	0
1223643600	284	0
1223647200	284	0
1223650800	284	0
1223654400	284	0
1223658000	284	0
1223661600	284	0
1223665200	284	0
1223668800	284	0
1223672400	284	0
1223676000	284	0
1223679600	284	0
1223683200	285	0
1223686800	285	0
1223690400	285	0
1223694000	285	0
1223697600	285	0
1223701200	285	9.11074308056703e-07
1223704800	285	0
1223708400	285	0
1223712000	285	0
1223715600	285	0
1223719200	285	0
1223722800	285	0
1223726400	285	0
1223730000	285	0
1223733600	285	0
1223737200	285	0
1223740800	285	0
1223744400	285	0
1223748000	285	0
1223751600	285	0
1223755200	285	0
1223758800	285	0
1223762400	285	0
1223766000	285	0
1223769600	286	0
1223773200	286	0
1223776800	286	0
1223780400	286	0
1223784000	286	0
1223787600	286	0
1223791200	286	0
1223794800	286	0
1223798400	286	0
1223802000	286	0
1223805600	286	0
1223809200	286	0
1223812800	286	0
1223816400	286	0
1223820000	286	0
1223823600	286	0
1223827200	286	0
1223830800	286	0
1223834400	286	0
1223838000	286	0
1223841600	286	0
1223845200	286	0
1223848800	286	0
1223852400	286	0
1223856000	287	0
1223859600	287	0
1223863200	287	0
1223866800	287	0
1223870400	287	0
1223874000	287	0
1223877600	287	0
1223881200	287	0
1223884800	287	0
1223888400	287	0
1223892000	287	0
1223895600	287	0
1223899200	287	0
1223902800	287	0
1223906400	287	0
1223910000	287	0
1223913600	287	0
1223917200	287	0
1223920800	287	0
1223924400	287	0
1223928000	287	0
1223931600	287	0
1223935200	287	0
1223938800	287	0
1223942400	288	0
1223946000	288	0
1223949600	288	0
1223953200	288	0
1223956800	288	0
1223960400	288	0
1223964000	288	0
1223967600	288	0
1223971200	288	0
1223974800	288	0
1223978400	288	0
1223982000	288	0
1223985600	288	0
1223989200	288	0
1223992800	288	0
1223996400	288	0
1.224e+09	288	0
1224003600	288	0
1224007200	288	0
1224010800	288	0
1224014400	288	0
1224018000	288	0
1224021600	288	0
1224025200	288	0
1224028800	289	0
1224032400	289	0
1224036000	289	0
1224039600	289	0
1224043200	289	0
1224046800	289	0
1224050400	289	0
1224054000	289	0
1224057600	289	0
1224061200	289	0
1224064800	289	0
1224068400	289	0
1224072000	289	0
1224075600	289	0
1224079200	289	9.86450431581248e-10
1224082800	289	1.05662397000898e-07
1224086400	289	1.06648847320333e-07
1224090000	289	1.77231580139403e-08
1224093600	289	0
1224097200	289	0
1224100800	289	0
1224104400	289	0
1224108000	289	4.95080915359188e-06
1224111600	289	2.44871216332264e-05
1224115200	290	2.46892868401716e-05
1224118800	290	1.69062444548389e-05
1224122400	290	9.24297753492826e-06
1224126000	290	9.53153944964742e-06
1224129600	290	4.31151465533876e-05
1224133200	290	7.80100218911224e-05
1224136800	290	0.000113809195324068
1224140400	290	0.000183501843455381
1224144000	290	0.000206007636865443
1224147600	290	0.000214097130173712
1224151200	290	0.000212134515689966
1224154800	290	0.000205059358979312
1224158400	290	6.73345623418048e-05
1224162000	290	4.74217315152873e-05
1224165600	290	3.59979795811784e-05
1224169200	290	3.03428658256814e-05
1224172800	290	2.65098996406874e-05
1224176400	290	2.26759470044767e-05
1224180000	290	9.87209091843502e-07
1224183600	290	6.45365504376088e-06
1224187200	290	8.38932491862105e-06
1224190800	290	6.56914899621649e-06
1224194400	290	4.74601372262934e-06
1224198000	290	3.74601382727709e-06
1224201600	291	0
1224205200	291	0
1224208800	291	0
1224212400	291	1.82214861611341e-06
1224216000	291	2.80935781153407e-06
1224219600	291	3.80935770543215e-06
1224223200	291	6.83356998676189e-06
1224226800	291	1.16549590241395e-05
1224230400	291	1.45194262903643e-05
1224234000	291	1.11594019013212e-05
1224237600	291	8.837139801038e-06
1224241200	291	6.74624134383056e-06
1224244800	291	0
1224248400	291	0
1224252000	291	0
1224255600	291	0
1224259200	291	0
1224262800	291	0
1224266400	291	0
1224270000	291	1.8982833999002e-06
1224273600	291	2.82116226673423e-06
1224277200	291	3.39070837590472e-05
1224280800	291	8.07905637856971e-05
1224284400	291	0.000132764531721695
1224288000	292	0.000223139707660914
1224291600	292	0.000142547085756975
1224295200	292	9.3580023670245e-05
1224298800	292	6.73140817547721e-05
1224302400	292	5.23294471050228e-05
1224306000	292	4.20481335221486e-05
1224309600	292	3.6797105991693e-06
1224313200	292	4.61439371136515e-06
1224316800	292	3.71512396611179e-06
1224320400	292	4.63898907488107e-06
1224324000	292	3.81585410804647e-06
1224327600	292	2.91658436279312e-06
1224331200	292	1.01716595050281e-07
1224334800	292	1.16900628128672e-06
1224338400	292	1.25891841359904e-06
1224342000	292	1.19458809232591e-06
1224345600	292	1.94588087649303e-07
1224349200	292	1.80810730019676e-07
1224352800	292	0
1224356400	292	0
1224360000	292	0
1224363600	292	0
1224367200	292	0
1224370800	292	0
1224374400	293	0
1224378000	293	0
1224381600	293	0
1224385200	293	0
1224388800	293	0
1224392400	293	0
1224396000	293	0
1224399600	293	0
1224403200	293	0
1224406800	293	0
1224410400	293	0
1224414000	293	0
1224417600	293	0
1224421200	293	0
1224424800	293	0
1224428400	293	0
1224432000	293	0
1224435600	293	0
1224439200	293	0
1224442800	293	0
1224446400	293	6.88172431454643e-07
1224450000	293	3.9956709894992e-06
1224453600	293	3.67735453134447e-06
1224457200	293	2.61302404988444e-06
1224460800	294	1.18044552001599e-08
1224464400	294	0
1224468000	294	0
1224471600	294	0
1224475200	294	0
1224478800	294	0
1224482400	294	0
1224486000	294	0
1224489600	294	0
1224493200	294	0
1224496800	294	0
1224500400	294	9.86450431581248e-10
1224504000	294	0
1224507600	294	0
1224511200	294	0
1224514800	294	0
1224518400	294	9.86450431581248e-10
1224522000	294	1.37773560633224e-08
1224525600	294	1.33217108678958e-07
1224529200	294	5.70823248921593e-08
1224532800	294	4.23185200757061e-08
1224536400	294	2.85411624460796e-08
1224540000	294	2.75547121266448e-08
1224543600	294	1.47638066070501e-08
1224547200	295	0
1224550800	295	0
1224554400	295	0
1224558000	295	0
1224561600	295	0
1224565200	295	0
1224568800	295	0
1224572400	295	0
1224576000	295	0
1224579600	295	0
1224583200	295	0
1224586800	295	0
1224590400	295	0
1224594000	295	0
1224597600	295	0
1224601200	295	0
1224604800	295	0
1224608400	295	0
1224612000	295	0
1224615600	295	0
1224619200	295	0
1224622800	295	0
1224626400	295	0
1224630000	295	0
1224633600	296	8.31771363255938e-06
1224637200	296	1.48368869459948e-05
1224640800	296	2.50377441845074e-05
1224644400	296	4.27567893839295e-05
1224648000	296	4.27922027616081e-05
1224651600	296	3.7266732752748e-05
1224655200	296	0
1224658800	296	0
1224662400	296	0
1224666000	296	0
1224669600	296	0
1224673200	296	0
1224676800	296	0
1224680400	296	0
1224684000	296	0
1224687600	296	0
1224691200	296	0
1224694800	296	0
1224698400	296	4.98622251919236e-06
1224702000	296	4.15325602510505e-06
1224705600	296	2.24218169506069e-06
1224709200	296	1.24218170501111e-06
1224712800	296	1.23136370013038e-06
1224716400	296	1.15424247467967e-06
1224720000	297	0
1224723600	297	0
1224727200	297	0
1224730800	297	0
1224734400	297	0
1224738000	297	0
1224741600	297	0
1224745200	297	0
1224748800	297	1.30651202494222e-06
1224752400	297	2.61499695052331e-06
1224756000	297	2.69409111168357e-06
1224759600	297	1.77318524906558e-06
1224763200	297	8.20534866005786e-08
1224766800	297	3.94580172632499e-09
1224770400	297	2.95935140689017e-09
1224774000	297	1.9729008631625e-09
1224777600	297	1.9729008631625e-09
1224781200	297	9.86450431581248e-10
1224784800	297	0
1224788400	297	0
1224792000	297	0
1224795600	297	0
1224799200	297	0
1224802800	297	0
1224806400	298	0
1224810000	298	0
1224813600	298	0
1224817200	298	0
1224820800	298	0
1224824400	298	0
1224828000	298	0
1224831600	298	0
1224835200	298	0
1224838800	298	0
1224842400	298	0
1224846000	298	0
1224849600	298	0
1224853200	298	1.18044552001599e-08
1224856800	298	3.54133669424909e-08
1224860400	298	2.36089104003198e-08
1224864000	298	2.36089104003198e-08
1224867600	298	1.18044552001599e-08
1224871200	298	9.86450431581248e-10
1224874800	298	1.9729008631625e-09
1224878400	298	1.9729008631625e-09
1224882000	298	2.95935140689017e-09
1224885600	298	2.95935140689017e-09
1224889200	298	1.9729008631625e-09
1224892800	299	0
1224896400	299	1.84575752651373e-06
1224900000	299	3.47764504735204e-05
1224903600	299	7.66709254367904e-05
1224907200	299	0.000218844625200942
1224910800	299	0.000389770612987442
1224914400	299	0.000568542615201341
1224918000	299	0.000414593280019957
1224921600	299	0.000270980023380699
1224925200	299	0.000191040474382019
1224928800	299	0.000152986211158761
1224932400	299	0.000132289388227268
1224936000	299	4.25001638980065e-05
1224939600	299	2.04415387647369e-05
1224943200	299	1.07320807854785e-05
1224946800	299	7.18042760691411e-06
1224950400	299	5.78400310833205e-06
1224954000	299	5.83516672504238e-06
1224957600	299	1.54407945043892e-05
1224961200	299	4.34940536923041e-05
1224964800	299	5.57535133132331e-05
1224968400	299	5.35071577040944e-05
1224972000	299	5.47140796667247e-05
1224975600	299	4.79202465169232e-05
1224979200	300	3.78044074110398e-06
1224982800	300	2.94747422138654e-06
1224986400	300	1.94747412156401e-06
1224990000	300	1.02360890921757e-06
1224993600	300	9.35669668888604e-07
1224997200	300	9.35669668888604e-07
1225000800	300	0
1225004400	300	0
1225008000	300	0
1225011600	300	0
1225015200	300	0
1225018800	300	0
1225022400	300	1.97639108455017e-06
1225026000	300	1.08008058287622e-06
1225029600	300	9.08985903938484e-08
1225033200	300	7.81076846499608e-08
1225036800	300	7.71212342183795e-08
1225040400	300	9.86450431581248e-10
1225044000	300	0
1225047600	300	0
1225051200	300	0
1225054800	300	0
1225058400	300	0
1225062000	300	0
1225065600	301	0
1225069200	301	0
1225072800	301	0
1225076400	301	0
1225080000	301	0
1225083600	301	0
1225087200	301	0
1225090800	301	0
1225094400	301	0
1225098000	301	0
1225101600	301	0
1225105200	301	0
1225108800	301	0
1225112400	301	0
1225116000	301	0
1225119600	301	0
1225123200	301	0
1225126800	301	0
1225130400	301	0
1225134000	301	0
1225137600	301	0
1225141200	301	0
1225144800	301	0
1225148400	301	0
1225152000	302	0
1225155600	302	0
1225159200	302	0
1225162800	302	0
1225166400	302	0
1225170000	302	0
1225173600	302	0
1225177200	302	0
1225180800	302	0
1225184400	302	0
1225188000	302	0
1225191600	302	0
1225195200	302	0
1225198800	302	3.1747944155108e-06
1225202400	302	2.3414872847361e-05
1225206000	302	7.23251554234583e-05
1225209600	302	8.87015054552579e-05
1225213200	302	9.84664265162407e-05
1225216800	302	7.82147044519983e-05
1225220400	302	0.000115485715496842
1225224000	302	9.89465125006012e-05
1225227600	302	7.56122184290319e-05
1225231200	302	5.91049706372565e-05
1225234800	302	4.78605888443207e-05
1225238400	303	0
1225242000	303	0
1225245600	303	0
1225249200	303	0
1225252800	303	0
1225256400	303	0
1225260000	303	0
1225263600	303	0
1225267200	303	0
1225270800	303	2.36295963468568e-07
1225274400	303	8.74934796507283e-07
1225278000	303	1.34514504676867e-06
1225281600	303	0
1225285200	303	0
1225288800	303	0
1225292400	303	0
1225296000	303	0
1225299600	303	0
1225303200	303	0
1225306800	303	0
1225310400	303	0
1225314000	303	0
1225317600	303	0
1225321200	303	0
1225324800	304	0
1225328400	304	0
1225332000	304	0
1225335600	304	0
1225339200	304	0
1225342800	304	1.9729008631625e-09
1225346400	304	1.08509548595402e-08
1225350000	304	1.87425574150187e-08
1225353600	304	9.86450409151962e-09
1225357200	304	6.90515313321517e-09
1225360800	304	4.93225204575981e-09
1225364400	304	3.94580172632499e-09
1225368000	304	0
1225371600	304	0
1225375200	304	0
1225378800	304	0
1225382400	304	0
1225386000	304	0
1225389600	304	0
1225393200	304	0
1225396800	304	0
1225400400	304	0
1225404000	304	0
1225407600	304	0
1225411200	305	0
1225414800	305	0
1225418400	305	0
1225422000	305	0
1225425600	305	0
1225429200	305	0
1225432800	305	0
1225436400	305	0
1225440000	305	0
1225443600	305	0
1225447200	305	0
1225450800	305	0
1225454400	305	0
1225458000	305	0
1225461600	305	0
1225465200	305	0
1225468800	305	0
1225472400	305	0
1225476000	305	0
1225479600	305	0
1225483200	305	0
1225486800	305	0
1225490400	305	4.61740972077595e-07
1225494000	305	4.35276893756557e-06
