Unix	jday	Downward_Long-Wave_Rad_Flux
691545600	335	359.209110245611
691549200	335	355.522266116489
691552800	335	359.269756537184
691556400	335	361.882382512268
691560000	335	363.849570760583
691563600	335	365.088478672686
691567200	335	355.435973366323
691570800	335	355.175534715115
691574400	335	350.180034001882
691578000	335	350.649320958955
691581600	335	351.093611807604
691585200	335	350.324744744348
691588800	335	297.877067689525
691592400	335	297.939076826467
691596000	335	308.910978152375
691599600	335	322.435292185445
691603200	335	330.265266509177
691606800	335	334.7302361518
691610400	335	334.815911238602
691614000	335	333.90159804443
691617600	335	330.276131190312
691621200	335	323.593820651734
691624800	335	316.978490892175
691628400	335	313.292020452787
691632000	336	286.464941029841
691635600	336	282.900034833778
691639200	336	289.556880828022
691642800	336	286.978170924603
691646400	336	285.960102925283
691650000	336	285.761642745189
691653600	336	326.049522730071
691657200	336	325.620843399849
691660800	336	333.382770918471
691664400	336	337.167180177841
691668000	336	338.47198682319
691671600	336	338.711285008422
691675200	336	347.285287841536
691678800	336	347.120735957502
691682400	336	347.82317224294
691686000	336	348.92815671911
691689600	336	350.229462876442
691693200	336	351.351390293869
691696800	336	356.14159762531
691700400	336	355.922760423306
691704000	336	355.784950585666
691707600	336	355.924970382981
691711200	336	356.084112624604
691714800	336	356.17435034336
691718400	337	351.893979396876
691722000	337	349.401119218283
691725600	337	350.425069091406
691729200	337	351.131501581656
691732800	337	351.616991906629
691736400	337	351.984333449563
691740000	337	353.806726892224
691743600	337	353.370846041528
691747200	337	352.712359062807
691750800	337	351.106513692972
691754400	337	350.227273501483
691758000	337	348.326869528299
691761600	337	310.919490311082
691765200	337	310.453310100458
691768800	337	310.428901132663
691772400	337	309.660912294047
691776000	337	307.309491584844
691779600	337	304.883607097966
691783200	337	313.15946314929
691786800	337	313.455417868967
691790400	337	324.646188723409
691794000	337	322.767321420757
691797600	337	325.16389156647
691801200	337	326.981020589561
691804800	338	291.342684587475
691808400	338	290.265628388805
691812000	338	289.911372762721
691815600	338	289.00262722513
691819200	338	288.165593679436
691822800	338	286.884768818783
691826400	338	292.636492187101
691830000	338	291.609841590163
691833600	338	297.330791015164
691837200	338	307.788405029839
691840800	338	314.76968824672
691844400	338	320.332354203389
691848000	338	338.504730174439
691851600	338	337.935434202958
691855200	338	336.222593947366
691858800	338	335.578004960951
691862400	338	337.230997264947
691866000	338	339.124696279018
691869600	338	353.160877081537
691873200	338	352.812230200645
691876800	338	353.167538455533
691880400	338	353.355687940152
691884000	338	351.631513672755
691887600	338	345.707481592727
691891200	339	308.453060058511
691894800	339	307.632902122442
691898400	339	315.027519218171
691902000	339	314.624902820517
691905600	339	318.419816766785
691909200	339	321.631748586042
691912800	339	353.639006648027
691916400	339	353.872594406053
691920000	339	354.791721982694
691923600	339	355.49462836993
691927200	339	355.530527255757
691930800	339	354.110083954306
691934400	339	337.764020108541
691938000	339	337.578924698787
691941600	339	343.656045200055
691945200	339	347.263426133769
691948800	339	349.353467592074
691952400	339	350.971996105042
691956000	339	359.361523838198
691959600	339	359.986050090142
691963200	339	351.764998362917
691966800	339	342.245372320739
691970400	339	336.339302752038
691974000	339	333.924636564912
691977600	340	352.37800106126
691981200	340	348.56397069673
691984800	340	351.047316737735
691988400	340	352.401859170512
691992000	340	352.778559446359
691995600	340	352.499540235089
691999200	340	338.959969305613
692002800	340	338.428984772934
692006400	340	341.00190237279
692010000	340	340.209598730178
692013600	340	335.435263227006
692017200	340	327.043130494293
692020800	340	289.204691496391
692024400	340	289.14657100045
692028000	340	288.52313592798
692031600	340	287.965392777282
692035200	340	287.583639227064
692038800	340	287.321577939865
692042400	340	284.863658810797
692046000	340	285.831677063771
692049600	340	286.265406397586
692053200	340	287.159108809619
692056800	340	288.578559918459
692060400	340	290.047554567204
692064000	341	297.049792786288
692067600	341	295.363780860438
692071200	341	295.347475058653
692074800	341	295.752833868101
692078400	341	295.691713552967
692082000	341	295.614313914082
692085600	341	297.014087540317
692089200	341	296.3010698506
692092800	341	297.917768386584
692096400	341	301.215324307853
692100000	341	304.3900633016
692103600	341	307.202682204161
692107200	341	319.562271954396
692110800	341	318.639714801529
692114400	341	315.783977084011
692118000	341	314.953786245986
692121600	341	314.973018807365
692125200	341	315.542329250381
692128800	341	312.856692268415
692132400	341	313.779501991127
692136000	341	315.307761811127
692139600	341	317.918620913878
692143200	341	318.90582970226
692146800	341	319.698676742433
692150400	342	336.054851177355
692154000	342	334.376800832909
692157600	342	334.952162904779
692161200	342	329.927139305425
692164800	342	328.536805107524
692168400	342	329.199473819001
692172000	342	349.486460398052
692175600	342	348.723998913591
692179200	342	341.457393594426
692182800	342	334.589686389467
692186400	342	328.09069182908
692190000	342	322.853856322194
692193600	342	286.298706799248
692197200	342	285.125494592267
692200800	342	284.891947649147
692204400	342	284.723616436482
692208000	342	286.18097863058
692211600	342	289.06735030033
692215200	342	319.852249326253
692218800	342	320.67739565087
692222400	342	328.064011700497
692226000	342	334.494330150469
692229600	342	338.763688966395
692233200	342	342.427823512402
692236800	343	362.789430888088
692240400	343	361.723143873868
692244000	343	361.636497406444
692247600	343	361.642283038972
692251200	343	360.623160994565
692254800	343	358.20705185102
692258400	343	352.163155325556
692262000	343	351.302547178051
692265600	343	353.578838366681
692269200	343	354.879279245744
692272800	343	356.267081702035
692276400	343	357.426361414584
692280000	343	365.780253746902
692283600	343	365.933439002534
692287200	343	365.627359210686
692290800	343	364.822396660969
692294400	343	363.699092771302
692298000	343	362.332624636173
692301600	343	359.15438708895
692305200	343	358.810735853839
692308800	343	357.755182950763
692312400	343	350.612931200423
692316000	343	349.900821686973
692319600	343	351.415076040874
692323200	344	361.881186420296
692326800	344	361.273851090644
692330400	344	364.749262274493
692334000	344	365.772985002024
692337600	344	365.076150602036
692341200	344	363.919858443904
692344800	344	366.487411621207
692348400	344	365.899614381359
692352000	344	360.089002920695
692355600	344	356.448216096608
692359200	344	356.159847768734
692362800	344	357.056808699625
692366400	344	369.326454904136
692370000	344	369.465075901691
692373600	344	369.463508076859
692377200	344	369.499189276575
692380800	344	369.448880106781
692384400	344	369.270142377671
692388000	344	367.614991308925
692391600	344	367.977827655166
692395200	344	368.569054512723
692398800	344	368.496484429515
692402400	344	368.593857718874
692406000	344	367.061861546954
692409600	345	350.722129522013
692413200	345	353.122103920777
692416800	345	352.638011480645
692420400	345	349.721428602908
692424000	345	340.460368809709
692427600	345	332.085867273361
692431200	345	306.085815026916
692434800	345	305.32928080053
692438400	345	306.38455255512
692442000	345	310.229492291308
692445600	345	312.908667366082
692449200	345	315.22001906665
692452800	345	325.388109807929
692456400	345	325.222250356936
692460000	345	324.748826949484
692463600	345	325.522144517008
692467200	345	326.503600101143
692470800	345	327.214032084501
692474400	345	332.135080860029
692478000	345	332.746353443731
692481600	345	336.626118473862
692485200	345	339.127282642698
692488800	345	338.763193084934
692492400	345	336.944577430041
692496000	346	370.720505020018
692499600	346	369.368968394895
692503200	346	369.6864592231
692506800	346	369.44293111832
692510400	346	367.217297237941
692514000	346	362.02044387141
692517600	346	295.749655318079
692521200	346	296.654918780685
692524800	346	295.635048556588
692528400	346	294.991159396986
692532000	346	294.498061307005
692535600	346	294.177472324983
692539200	346	290.232775733824
692542800	346	289.524094392443
692546400	346	288.117329836784
692550000	346	287.093613598101
692553600	346	286.239283225801
692557200	346	285.645695659251
692560800	346	278.933710173337
692564400	346	280.976268693288
692568000	346	282.12877249686
692571600	346	283.422981330465
692575200	346	284.621943918779
692578800	346	285.575825364182
692582400	347	291.114232245003
692586000	347	291.802642867371
692589600	347	291.950789489673
692593200	347	292.315293374398
692596800	347	292.660227347284
692600400	347	293.045850883175
692604000	347	291.744317909011
692607600	347	290.92569836052
692611200	347	289.525811033152
692614800	347	288.842851242208
692618400	347	288.394230697669
692622000	347	288.186926574972
692625600	347	290.640910058196
692629200	347	290.435534317236
692632800	347	290.192489918767
692636400	347	290.073714238219
692640000	347	290.072543124259
692643600	347	290.482502150324
692647200	347	305.208844706546
692650800	347	306.395367456949
692654400	347	309.126157310003
692658000	347	312.336877278235
692661600	347	313.818351109173
692665200	347	314.189484270058
692668800	348	293.178283866792
692672400	348	294.38094500195
692676000	348	292.565305784089
692679600	348	290.912750950469
692683200	348	289.157195587951
692686800	348	287.520390327031
692690400	348	279.761727151968
692694000	348	278.265490530883
692697600	348	277.203190076957
692701200	348	276.913551430105
692704800	348	277.044548544155
692708400	348	277.564885024352
692712000	348	276.559117997949
692715600	348	277.066119710589
692719200	348	278.937542972803
692722800	348	280.885304821705
692726400	348	281.273446995287
692730000	348	281.769190285734
692733600	348	280.645979109711
692737200	348	281.69572160851
692740800	348	281.318112154189
692744400	348	281.528614153984
692748000	348	281.825709773966
692751600	348	282.234748810883
692755200	349	283.346617670052
692758800	349	284.630217936436
692762400	349	283.965910796983
692766000	349	284.158214160961
692769600	349	284.649005190082
692773200	349	285.357213174867
692776800	349	286.894706487149
692780400	349	286.01289336391
692784000	349	284.033021248409
692787600	349	282.477376169586
692791200	349	280.638588623117
692794800	349	278.922829879035
692798400	349	263.956021803478
692802000	349	263.004345564566
692805600	349	261.732253770599
692809200	349	261.286241608503
692812800	349	261.382721692998
692816400	349	261.720319283703
692820000	349	268.984577677423
692823600	349	269.992518166222
692827200	349	271.214115873724
692830800	349	273.209064047749
692834400	349	274.688266206127
692838000	349	275.8766513199
692841600	350	281.8814439307
692845200	350	282.843838869545
692848800	350	281.893515052744
692852400	350	281.612693933838
692856000	350	281.527054471016
692859600	350	281.706922762446
692863200	350	283.221087589394
692866800	350	282.511425990394
692870400	350	281.93922194986
692874000	350	281.268205622311
692877600	350	280.449960920267
692881200	350	279.564429540771
692884800	350	273.19271247787
692888400	350	271.968589965187
692892000	350	271.182783519448
692895600	350	270.519212423727
692899200	350	270.010455480551
692902800	350	269.592632638224
692906400	350	268.617362761604
692910000	350	270.219661839605
692913600	350	271.621410848118
692917200	350	273.033211333714
692920800	350	274.330895624687
692924400	350	275.417296066588
692928000	351	281.907905588898
692931600	351	282.307654613365
692935200	351	282.80674383647
692938800	351	283.534326177014
692942400	351	284.230144401107
692946000	351	284.873788983572
692949600	351	286.967508367655
692953200	351	286.171849772574
692956800	351	286.013967752385
692960400	351	286.219650427322
692964000	351	286.539231693719
692967600	351	286.831824350634
692971200	351	288.040631455335
692974800	351	287.500394086088
692978400	351	287.7484517189
692982000	351	287.936817218494
692985600	351	287.892136328944
692989200	351	287.733054521631
692992800	351	284.035305641974
692996400	351	284.834136412573
6.93e+08	351	285.214749049826
693003600	351	285.727693002113
693007200	351	286.185491409548
693010800	351	286.54637123128
693014400	352	289.35007980388
693018000	352	290.499486755661
693021600	352	289.987785465575
693025200	352	289.739815132943
693028800	352	290.043381819966
693032400	352	290.384009383681
693036000	352	290.539592760097
693039600	352	289.564363223898
693043200	352	288.098161517026
693046800	352	287.108795633857
693050400	352	287.648116174051
693054000	352	288.625473712743
693057600	352	285.621322369438
693061200	352	285.228626902454
693064800	352	284.153723740889
693068400	352	284.124464134047
693072000	352	288.97725796085
693075600	352	294.214328162367
693079200	352	287.511933780988
693082800	352	287.308857241603
693086400	352	296.383091215932
693090000	352	301.252359869236
693093600	352	307.778800614979
693097200	352	314.443385575598
693100800	353	339.625966554946
693104400	353	341.204373984444
693108000	353	341.74028170097
693111600	353	344.094078212289
693115200	353	349.286495115796
693118800	353	353.560094315696
693122400	353	374.395296370055
693126000	353	373.255950155491
693129600	353	374.045464777831
693133200	353	374.69570834536
693136800	353	375.272602652166
693140400	353	375.756671350998
693144000	353	374.376980773667
693147600	353	375.129254284094
693151200	353	374.821881897796
693154800	353	374.246749172371
693158400	353	373.660100495404
693162000	353	373.177610622436
693165600	353	370.576266856453
693169200	353	370.347775710789
693172800	353	371.782262505888
693176400	353	372.828551960006
693180000	353	373.923987829558
693183600	353	375.055036393963
693187200	354	382.031239293658
693190800	354	383.988960225846
693194400	354	384.387358841776
693198000	354	384.662414925101
693201600	354	384.809127627345
693205200	354	384.920564558978
693208800	354	386.022884022967
693212400	354	386.437556405605
693216000	354	386.683375720474
693219600	354	386.870426589091
693223200	354	386.943519036718
693226800	354	386.967307992896
693230400	354	379.009709576491
693234000	354	379.343364349235
693237600	354	381.900057114157
693241200	354	383.152836742482
693244800	354	383.609063972168
693248400	354	383.571380549694
693252000	354	377.919323869837
693255600	354	378.30318004711
693259200	354	376.59120255662
693262800	354	374.961618162762
693266400	354	374.264941321822
693270000	354	374.016500121384
693273600	355	378.651074333372
693277200	355	378.720829420051
693280800	355	378.453510682234
693284400	355	378.343236560866
693288000	355	378.965319575658
693291600	355	379.666409350775
693295200	355	385.488182933013
693298800	355	385.277972644498
693302400	355	385.030510155978
693306000	355	384.897182909338
693309600	355	384.673101596982
693313200	355	384.428535091857
693316800	355	384.83036243892
693320400	355	385.15898129829
693324000	355	384.192782253326
693327600	355	379.87334065483
693331200	355	373.362666358332
693334800	355	365.307207531188
693338400	355	313.666316242607
693342000	355	314.199992051263
693345600	355	315.45133402607
693349200	355	317.036803383331
693352800	355	317.267263990484
693356400	355	317.336773327572
693360000	356	312.214157942083
693363600	356	312.671886697949
693367200	356	312.695710670977
693370800	356	311.831435804537
693374400	356	311.016887932946
693378000	356	310.401969662581
693381600	356	308.025086558108
693385200	356	307.221374189422
693388800	356	307.656239219129
693392400	356	315.912079795802
693396000	356	324.849252864039
693399600	356	332.681613538484
693403200	356	371.588750878339
693406800	356	370.551667014523
693410400	356	362.988064758372
693414000	356	352.631993258448
693417600	356	343.501245719823
693421200	356	335.157072137484
693424800	356	288.600231063621
693428400	356	289.509152686919
693432000	356	291.411337026145
693435600	356	294.221644416794
693439200	356	295.873666153904
693442800	356	297.643772996401
693446400	357	309.109338053787
693450000	357	309.421618921379
693453600	357	314.170737680396
693457200	357	317.29808941142
693460800	357	317.828835492066
693464400	357	315.386944734024
693468000	357	295.677591717174
693471600	357	294.775124795542
693475200	357	294.522150615717
693478800	357	294.315638041176
693482400	357	296.223852248884
693486000	357	299.746310587258
693489600	357	335.872601358328
693493200	357	335.214908940971
693496800	357	320.478850535433
693500400	357	314.60452071517
693504000	357	312.649117669682
693507600	357	311.881881115677
693511200	357	314.597037926007
693514800	357	314.907646176477
693518400	357	312.554467115577
693522000	357	309.411729206311
693525600	357	307.172008608455
693529200	357	305.507602401892
693532800	358	298.181922291039
693536400	358	298.569449594691
693540000	358	298.451452010281
693543600	358	298.392896060733
693547200	358	298.214449284751
693550800	358	297.984886231645
693554400	358	300.648696714772
693558000	358	299.385731436468
693561600	358	300.348476506121
693565200	358	301.5870816637
693568800	358	302.563449602527
693572400	358	303.491000770574
693576000	358	309.796101374562
693579600	358	309.269779820623
693583200	358	311.629006565512
693586800	358	313.706120595287
693590400	358	315.511121146799
693594000	358	317.559022426111
693597600	358	336.9319332508
693601200	358	337.950772871268
693604800	358	340.462470036575
693608400	358	343.440349573906
693612000	358	345.662805676699
693615600	358	347.628123450161
693619200	359	365.223487872172
693622800	359	365.048390455201
693626400	359	365.924299979428
693630000	359	367.121326499787
693633600	359	368.269478191354
693637200	359	369.341468422954
693640800	359	389.327104753876
693644400	359	388.926037250726
693648000	359	389.496086711823
693651600	359	390.02470938536
693655200	359	390.380171929754
693658800	359	390.621176140869
693662400	359	392.156304930777
693666000	359	392.070212314362
693669600	359	391.812089530553
693673200	359	391.523213650564
693676800	359	391.291621940112
693680400	359	391.114637732075
693684000	359	388.795034095833
693687600	359	389.793483764145
693691200	359	389.552449194233
693694800	359	389.551402269355
693698400	359	389.600319565145
693702000	359	389.690447480118
693705600	360	390.546991855903
693709200	360	390.750440634112
693712800	360	390.614309175656
693716400	360	391.085259408321
693720000	360	391.181995438036
693723600	360	391.264122952224
693727200	360	392.340854269811
693730800	360	391.846304359657
693734400	360	391.583321494066
693738000	360	391.315216217269
693741600	360	390.963631696921
693745200	360	390.08986608944
693748800	360	378.436283659597
693752400	360	378.010319988502
693756000	360	378.094076952417
693759600	360	377.031981899734
693763200	360	375.470781619555
693766800	360	373.571905689158
693770400	360	344.503989188625
693774000	360	344.800816545205
693777600	360	338.928109584848
693781200	360	336.61445913994
693784800	360	336.664084895824
693788400	360	338.323589531843
693792000	361	389.466034646396
693795600	361	388.394077243431
693799200	361	390.019693839725
693802800	361	390.713718959624
693806400	361	391.029806774421
693810000	361	391.142107044511
693813600	361	390.633846390272
693817200	361	390.543398425316
693820800	361	390.760094173593
693824400	361	390.878570904331
693828000	361	391.102047282731
693831600	361	391.303433337656
693835200	361	393.120626545419
693838800	361	392.720658638797
693842400	361	392.562616311299
693846000	361	392.361610517314
693849600	361	392.104809419375
693853200	361	391.798417485073
693856800	361	387.516466855479
693860400	361	387.693181706952
693864000	361	387.31692169052
693867600	361	387.168693802438
693871200	361	387.194266424881
693874800	361	387.240461645133
693878400	362	387.234586031644
693882000	362	387.475733767191
693885600	362	387.731812420778
693889200	362	387.720106779614
693892800	362	387.755673509939
693896400	362	387.693652482398
693900000	362	386.847938669353
693903600	362	386.642716404722
693907200	362	386.116610661482
693910800	362	385.464647213368
693914400	362	384.630250243534
693918000	362	383.37874407763
693921600	362	336.853066523076
693925200	362	336.696030741591
693928800	362	335.685621159499
693932400	362	335.582726929426
693936000	362	333.122755545756
693939600	362	331.783229550109
693943200	362	352.529157000462
693946800	362	353.066794301879
693950400	362	356.59181433859
693954000	362	357.930797399716
693957600	362	359.477212971638
693961200	362	360.980343533901
693964800	363	371.851444477236
693968400	363	371.603838619156
693972000	363	370.149347599017
693975600	363	369.540168610341
693979200	363	372.652611781908
693982800	363	374.849610836551
693986400	363	383.083730549172
693990000	363	382.726181793591
693993600	363	382.690564589594
693997200	363	382.710746010227
694000800	363	382.787575717883
694004400	363	382.892141567437
694008000	363	385.242569440611
694011600	363	385.30071730651
694015200	363	385.820301085588
694018800	363	386.358520229703
694022400	363	386.594761769147
694026000	363	386.249686243968
694029600	363	389.95394037533
694033200	363	390.405566232665
694036800	363	390.190769536277
694040400	363	389.831310911318
694044000	363	389.767130363276
694047600	363	389.85924709087
694051200	364	392.771881325574
694054800	364	393.506867954429
694058400	364	390.343707749188
694062000	364	388.93230401933
694065600	364	386.719441722506
694069200	364	383.943604583436
694072800	364	354.84635967366
694076400	364	355.228232842305
694080000	364	348.665217288102
694083600	364	346.504103014894
694087200	364	353.378929188498
694090800	364	359.243021226822
694094400	364	383.873013085525
694098000	364	384.37323304132
694101600	364	383.282285563944
694105200	364	382.741011246456
694108800	364	381.979924405447
694112400	364	380.857733415606
694116000	364	335.794620301924
694119600	364	336.133811422926
694123200	364	332.381648075244
694126800	364	331.118151880888
694130400	364	331.782144278216
694134000	364	333.935796427141
694137600	365	343.468329212785
694141200	365	344.219568361308
694144800	365	338.179617801252
694148400	365	334.720815546344
694152000	365	334.116321606979
694155600	365	334.66295492023
694159200	365	367.275434306681
694162800	365	366.322613724397
694166400	365	369.982324325066
694170000	365	371.535683503035
694173600	365	371.732832211539
694177200	365	371.393815585899
694180800	365	369.735427512487
694184400	365	368.16719601701
694188000	365	363.222954487661
694191600	365	359.063315365108
694195200	365	357.597870149405
694198800	365	357.751286096071
694202400	365	359.984795756662
694206000	365	360.411640592793
694209600	365	362.107963352018
694213200	365	362.897267616459
694216800	365	363.41265018001
694220400	365	363.060098100046
