Unix	jday	Temperature
920246400	60	285.63532706848
920250000	60	284.567546352847
920253600	60	284.460347939769
920257200	60	285.049747597152
920260800	60	285.702246018086
920264400	60	285.78063866013
920268000	60	285.667491585556
920271600	60	285.114268593092
920275200	60	284.984979210089
920278800	60	285.127426763713
920282400	60	285.305719912969
920286000	60	285.48981066932
920289600	60	285.620974657185
920293200	60	285.653643915082
920296800	60	285.610685717102
920300400	60	285.398332984645
920304000	60	284.601885940903
920307600	60	284.089291996239
920311200	60	284.116776460323
920314800	60	284.741207658742
920318400	60	286.13203863622
920322000	60	286.929016058993
920325600	60	286.83593242354
920329200	60	286.75451782588
920332800	61	286.826863379738
920336400	61	286.792643164744
920340000	61	287.112734105477
920343600	61	287.439034280251
920347200	61	287.616452689807
920350800	61	287.725345587489
920354400	61	287.913104862932
920358000	61	287.14131669985
920361600	61	286.691933712072
920365200	61	286.922313731211
920368800	61	286.422452781426
920372400	61	286.125732795685
920376000	61	285.474381568748
920379600	61	284.986670543273
920383200	61	284.594703327237
920386800	61	284.399235954487
920390400	61	284.236108154881
920394000	61	284.035306443284
920397600	61	284.082285342107
920401200	61	285.086101326479
920404800	61	286.606624667524
920408400	61	287.795104759067
920412000	61	288.987533398378
920415600	61	289.943657973138
920419200	62	290.750481208922
920422800	62	291.05338944454
920426400	62	291.695442372898
920430000	62	291.985102597042
920433600	62	291.714007866057
920437200	62	291.231253107607
920440800	62	289.876737877785
920444400	62	288.664095811963
920448000	62	287.848569384009
920451600	62	286.341888429688
920455200	62	285.447531088383
920458800	62	286.031471883785
920462400	62	286.874937546407
920466000	62	287.15405731864
920469600	62	286.988586688563
920473200	62	286.624316833158
920476800	62	286.262193490852
920480400	62	285.984227118846
920484000	62	285.101984071908
920487600	62	285.057412081172
920491200	62	286.096667106237
920494800	62	287.934105071942
920498400	62	290.559868045793
920502000	62	292.927937359752
920505600	63	293.330561940837
920509200	63	293.079807137981
920512800	63	293.01891948169
920516400	63	292.855567734056
920520000	63	292.493950340146
920523600	63	292.029866357817
920527200	63	290.991147880716
920530800	63	289.424491346591
920534400	63	289.436635191381
920538000	63	289.771863495524
920541600	63	289.870079535124
920545200	63	289.862797172146
920548800	63	290.304086759711
920552400	63	290.537300287351
920556000	63	290.630157983101
920559600	63	290.617420499326
920563200	63	290.622788559916
920566800	63	290.587219896828
920570400	63	290.522088871004
920574000	63	290.373120180015
920577600	63	290.094567659132
920581200	63	290.084028743254
920584800	63	290.252703534411
920588400	63	290.379800865627
920592000	64	290.320817758517
920595600	64	290.567021240245
920599200	64	290.604590701171
920602800	64	290.384530735334
920606400	64	290.163139790883
920610000	64	289.961966511628
920613600	64	289.74875304359
920617200	64	289.725086041457
920620800	64	289.628953980318
920624400	64	289.65636047347
920628000	64	289.732138361215
920631600	64	289.78942405652
920635200	64	290.458615295684
920638800	64	290.47965044542
920642400	64	290.310058094147
920646000	64	290.168202383525
920649600	64	290.114458010395
920653200	64	290.097137287791
920656800	64	290.764433069112
920660400	64	290.788624985111
920664000	64	290.767679043026
920667600	64	290.781967831459
920671200	64	290.909536375502
920674800	64	291.18018875124
920678400	65	292.353472449376
920682000	65	292.908570384707
920685600	65	292.662963130456
920689200	65	292.605411730312
920692800	65	292.780065657115
920696400	65	292.65732146784
920700000	65	292.366887839899
920703600	65	290.176083322727
920707200	65	288.836276572228
920710800	65	289.075938244787
920714400	65	288.89625729853
920718000	65	288.668288991657
920721600	65	287.329522469426
920725200	65	287.36317022135
920728800	65	287.754880668067
920732400	65	288.369473015149
920736000	65	288.516358051521
920739600	65	288.466468674287
920743200	65	287.784333113933
920746800	65	288.404259170018
920750400	65	289.894183584423
920754000	65	291.392729068396
920757600	65	293.652266572894
920761200	65	294.188103509855
920764800	66	294.802723771924
920768400	66	294.315049392565
920772000	66	294.293430412586
920775600	66	294.076836393553
920779200	66	293.497229502303
920782800	66	292.709879934206
920786400	66	291.066290294435
920790000	66	289.094889390394
920793600	66	287.429467504654
920797200	66	287.008874436156
920800800	66	286.708451110889
920804400	66	286.572530560917
920808000	66	286.401806406987
920811600	66	286.787846378375
920815200	66	287.40775440233
920818800	66	287.726612617535
920822400	66	287.717749411057
920826000	66	287.440002338741
920829600	66	287.350784704181
920833200	66	288.070570144999
920836800	66	289.793860069305
920840400	66	291.788552479476
920844000	66	293.449152938913
920847600	66	293.769427048551
920851200	67	293.824986603874
920854800	67	293.919039662103
920858400	67	293.942013376469
920862000	67	293.208565457122
920865600	67	292.659863599208
920869200	67	292.1663662095
920872800	67	291.055396423661
920876400	67	289.184853077309
920880000	67	287.346024912705
920883600	67	286.658789010451
920887200	67	287.509394334105
920890800	67	288.221340685273
920894400	67	287.87527270709
920898000	67	287.564040185213
920901600	67	287.31916905135
920905200	67	287.369924361067
920908800	67	287.623708203598
920912400	67	287.893584092615
920916000	67	287.849005428361
920919600	67	288.028477008847
920923200	67	288.21979210297
920926800	67	288.311632747357
920930400	67	288.494598114505
920934000	67	288.936901604298
920937600	68	289.476365783493
920941200	68	289.910064183666
920944800	68	290.100967870232
920948400	68	290.674569461885
920952000	68	290.406084678005
920955600	68	290.079193373334
920959200	68	289.357586580123
920962800	68	287.653279844217
920966400	68	286.263194480295
920970000	68	285.589642152212
920973600	68	285.680100371568
920977200	68	285.938514731152
920980800	68	285.780793006199
920984400	68	285.589292501193
920988000	68	285.501834749031
920991600	68	285.769893131507
920995200	68	286.528977523628
920998800	68	286.772892253461
921002400	68	286.859670320173
921006000	68	287.117959883826
921009600	68	287.827185049353
921013200	68	289.526522267451
921016800	68	290.953737915715
921020400	68	291.67770862148
921024000	69	290.255754558768
921027600	69	289.665315298319
921031200	69	289.239338645702
921034800	69	289.215451348282
921038400	69	289.166108841659
921042000	69	289.066275519088
921045600	69	288.537270213922
921049200	69	288.243505699633
921052800	69	288.154156840919
921056400	69	288.123079726311
921060000	69	288.019320350846
921063600	69	287.915994156212
921067200	69	287.703513297383
921070800	69	287.536745409197
921074400	69	287.52126555385
921078000	69	287.367961927818
921081600	69	287.263215077885
921085200	69	287.217769856178
921088800	69	286.599492138161
921092400	69	286.990982239635
921096000	69	287.987191023056
921099600	69	288.589301248519
921103200	69	289.441503289461
921106800	69	290.135950620781
921110400	70	290.30840118333
921114000	70	289.954858436315
921117600	70	290.263076874871
921121200	70	290.260323963459
921124800	70	289.92368741401
921128400	70	289.313526671512
921132000	70	288.130662451661
921135600	70	285.82684570934
921139200	70	285.057414414795
921142800	70	285.473263413352
921146400	70	284.998158662413
921150000	70	284.294880275935
921153600	70	284.159990328134
921157200	70	284.031974007702
921160800	70	284.866538803869
921164400	70	285.125569238434
921168000	70	285.146782789388
921171600	70	285.139154896465
921175200	70	285.062195143224
921178800	70	285.187798156775
921182400	70	285.87471586461
921186000	70	286.815746774692
921189600	70	288.156110193086
921193200	70	289.077071482697
921196800	71	288.427827983418
921200400	71	288.526092056294
921204000	71	288.433224166895
921207600	71	288.494127783406
921211200	71	288.603838845787
921214800	71	288.315114526957
921218400	71	286.973043898072
921222000	71	285.82893499285
921225600	71	285.597961383782
921229200	71	285.88188668759
921232800	71	286.105899922964
921236400	71	286.149826353395
921240000	71	286.084760876148
921243600	71	285.884216968163
921247200	71	284.622717156731
921250800	71	284.771051871739
921254400	71	285.251510041189
921258000	71	285.973984194965
921261600	71	286.481020849784
921265200	71	286.616883820545
921268800	71	287.17318611831
921272400	71	288.006073410836
921276000	71	288.440511174504
921279600	71	288.503661232727
921283200	72	287.47101529388
921286800	72	287.07296398372
921290400	72	287.116194271116
921294000	72	287.706608659381
921297600	72	288.505925475866
921301200	72	289.295125104827
921304800	72	288.671315013626
921308400	72	287.585456623765
921312000	72	287.095281061011
921315600	72	286.614411110667
921319200	72	286.247049406158
921322800	72	285.796025227231
921326400	72	285.176183160591
921330000	72	284.933344751212
921333600	72	284.853434487806
921337200	72	284.783457455633
921340800	72	284.77335478449
921344400	72	284.863949449208
921348000	72	285.042749836136
921351600	72	285.542475922272
921355200	72	287.162376321922
921358800	72	288.917833362243
921362400	72	290.632814158748
921366000	72	291.594335232
921369600	73	292.510008836124
921373200	73	292.839022581173
921376800	73	293.122792972463
921380400	73	293.222771382745
921384000	73	292.970461809906
921387600	73	292.453010341792
921391200	73	291.239849883021
921394800	73	289.849548189391
921398400	73	289.030982475307
921402000	73	288.352662791922
921405600	73	287.770840825676
921409200	73	287.227313233314
921412800	73	286.466911370559
921416400	73	286.090951907311
921420000	73	285.773361172675
921423600	73	285.614310059504
921427200	73	285.506674043846
921430800	73	285.39654816868
921434400	73	285.044170140285
921438000	73	285.111562842704
921441600	73	286.389721289368
921445200	73	288.065091453016
921448800	73	290.484075895203
921452400	73	293.055236009852
921456000	74	293.409719257972
921459600	74	292.880772972024
921463200	74	292.912620288094
921466800	74	292.4436259003
921470400	74	291.844382393557
921474000	74	291.071459228995
921477600	74	289.784152732338
921481200	74	287.843995213156
921484800	74	286.631939484513
921488400	74	285.89541994964
921492000	74	285.358625290329
921495600	74	285.326772003078
921499200	74	285.965059803436
921502800	74	286.537389384954
921506400	74	286.515998809768
921510000	74	286.371582432842
921513600	74	285.89719229017
921517200	74	285.301232008804
921520800	74	285.268001366928
921524400	74	286.362395116702
921528000	74	287.858563315801
921531600	74	289.760087998275
921535200	74	290.985378329082
921538800	74	291.463563901161
921542400	75	292.324305376877
921546000	75	291.913986760879
921549600	75	292.019085539142
921553200	75	291.640350580986
921556800	75	291.151512843573
921560400	75	290.493718355731
921564000	75	288.719222967377
921567600	75	286.222604581956
921571200	75	285.472416103427
921574800	75	284.803461740955
921578400	75	284.0618260056
921582000	75	283.664250280611
921585600	75	285.358139688486
921589200	75	285.579422934816
921592800	75	285.233810858047
921596400	75	285.797715812996
921600000	75	286.320576938522
921603600	75	286.528560617049
921607200	75	287.298850223666
921610800	75	287.477406256539
921614400	75	287.92476423109
921618000	75	288.627853414976
921621600	75	289.887550692501
921625200	75	291.667665842594
921628800	76	291.906489882384
921632400	76	291.969540295978
921636000	76	292.265614676215
921639600	76	292.462091315464
921643200	76	292.332788098256
921646800	76	291.963120452959
921650400	76	290.805152108726
921654000	76	289.536547337413
921657600	76	288.956977483581
921661200	76	288.575898253501
921664800	76	288.319809772314
921668400	76	287.958891312868
921672000	76	287.505577900697
921675600	76	287.23266309617
921679200	76	286.61034139387
921682800	76	285.806472154917
921686400	76	284.73039922706
921690000	76	284.172561485685
921693600	76	283.854508317233
921697200	76	284.432791587198
921700800	76	287.887720921483
921704400	76	289.234126883561
921708000	76	290.57893608701
921711600	76	291.141718256769
921715200	77	290.480909306731
921718800	77	290.865550274477
921722400	77	291.020452358198
921726000	77	290.849034763129
921729600	77	290.400153890389
921733200	77	289.584153457543
921736800	77	287.995473851485
921740400	77	286.028624883508
921744000	77	285.294498551332
921747600	77	284.766193219592
921751200	77	284.407436828494
921754800	77	284.074325773326
921758400	77	284.486337157335
921762000	77	284.501305382655
921765600	77	284.467260160844
921769200	77	284.523392507107
921772800	77	284.556712163314
921776400	77	284.628708094867
921780000	77	284.818068647683
921783600	77	284.976710669373
921787200	77	285.960426491053
921790800	77	286.684581490369
921794400	77	287.261815590614
921798000	77	287.60469944915
921801600	78	287.724183716647
921805200	78	287.820989425456
921808800	78	287.897050142998
921812400	78	287.821825145521
921816000	78	287.781367226915
921819600	78	287.837402236951
921823200	78	288.25366803741
921826800	78	288.580702148972
921830400	78	288.81103261146
921834000	78	288.836490638639
921837600	78	288.651250489362
921841200	78	288.43508456752
921844800	78	288.373459198018
921848400	78	288.497031705461
921852000	78	288.444620883566
921855600	78	288.31171386058
921859200	78	287.98304194759
921862800	78	287.061856015126
921866400	78	286.922603221406
921870000	78	287.133148490065
921873600	78	287.468462867711
921877200	78	287.773810953223
921880800	78	288.570365522117
921884400	78	289.699020396187
921888000	79	290.281496731327
921891600	79	290.956072225962
921895200	79	290.965921344306
921898800	79	290.839915238566
921902400	79	290.308591462699
921906000	79	289.647174125206
921909600	79	287.96489583481
921913200	79	286.852748982207
921916800	79	286.173294796939
921920400	79	286.121685994793
921924000	79	286.033620410999
921927600	79	285.920839631199
921931200	79	286.325365038589
921934800	79	286.347887828281
921938400	79	286.420006662019
921942000	79	286.499579897288
921945600	79	286.429504389954
921949200	79	286.402196458051
921952800	79	286.48127022766
921956400	79	286.617830449556
921960000	79	287.190317195232
921963600	79	288.309415085309
921967200	79	289.584927626969
921970800	79	290.360935913939
921974400	80	290.694965860145
921978000	80	290.963421688271
921981600	80	291.735984109982
921985200	80	291.980627391815
921988800	80	291.673136766093
921992400	80	291.102842313271
921996000	80	289.444458351543
921999600	80	288.437964613982
922003200	80	288.210439493843
922006800	80	288.619106754813
922010400	80	288.585273726753
922014000	80	288.477969331333
922017600	80	289.014486283533
922021200	80	289.159759150425
922024800	80	289.107388196857
922028400	80	289.062040214929
922032000	80	288.96895672787
922035600	80	288.802230671618
922039200	80	288.669188394222
922042800	80	288.779381029797
922046400	80	289.363208510786
922050000	80	290.093999812526
922053600	80	291.527773823523
922057200	80	292.29238461574
922060800	81	292.731434242401
922064400	81	292.666189041595
922068000	81	292.25505199728
922071600	81	292.393416043239
922075200	81	291.99348142168
922078800	81	291.461531736925
922082400	81	290.068767145937
922086000	81	288.899000811897
922089600	81	288.486696358354
922093200	81	288.466363415505
922096800	81	288.689445952424
922100400	81	288.760946183082
922104000	81	289.249289373478
922107600	81	289.344642239048
922111200	81	289.289442602355
922114800	81	289.232857579426
922118400	81	289.213067279125
922122000	81	289.237765025183
922125600	81	289.08184244578
922129200	81	289.323603017093
922132800	81	289.594721976602
922136400	81	289.804653757106
922140000	81	290.048457386476
922143600	81	290.24646523273
922147200	82	290.344833335393
922150800	82	290.639180826307
922154400	82	290.919616697655
922158000	82	290.750248319958
922161600	82	290.374865178615
922165200	82	290.068317599255
922168800	82	288.675520235036
922172400	82	288.221389798901
922176000	82	287.81107628314
922179600	82	287.646872149111
922183200	82	287.638891103183
922186800	82	287.597528286461
922190400	82	286.58701391315
922194000	82	286.479718929638
922197600	82	286.489916429617
922201200	82	286.281291049454
922204800	82	285.873516816466
922208400	82	285.518916507873
922212000	82	285.568717120066
922215600	82	285.517440816442
922219200	82	285.593515355556
922222800	82	286.136001693002
922226400	82	287.628325768034
922230000	82	288.819198346362
922233600	83	290.344751603709
922237200	83	291.048473087115
922240800	83	291.877089030784
922244400	83	292.380072893615
922248000	83	291.705191756669
922251600	83	290.854624196418
922255200	83	289.051358347351
922258800	83	286.492866485311
922262400	83	285.867659468395
922266000	83	285.518377299019
922269600	83	285.353313335055
922273200	83	285.389037397949
922276800	83	285.411785382561
922280400	83	285.433137666196
922284000	83	285.532506458762
922287600	83	285.261739381815
922291200	83	285.211072996986
922294800	83	285.212527492192
922298400	83	285.628334201469
922302000	83	285.578898434322
922305600	83	287.243617254426
922309200	83	288.709373514767
922312800	83	290.880228091566
922316400	83	292.418309015619
922320000	84	293.060723317743
922323600	84	292.528838144378
922327200	84	292.3827462892
922330800	84	292.227678834778
922334400	84	291.799835595625
922338000	84	291.107445613133
922341600	84	289.760898874024
922345200	84	288.034536315288
922348800	84	287.271221948566
922352400	84	286.591173865043
922356000	84	285.410937257892
922359600	84	285.465717172506
922363200	84	286.920562826414
922366800	84	287.118135366012
922370400	84	286.970316443594
922374000	84	286.836681330977
922377600	84	286.752687659927
922381200	84	286.68423716001
922384800	84	286.654031532885
922388400	84	286.800865777327
922392000	84	288.403809871239
922395600	84	289.805912947253
922399200	84	291.571274615443
922402800	84	292.702880960942
922406400	85	292.944992521559
922410000	85	293.083148088659
922413600	85	292.420647162591
922417200	85	291.51745142659
922420800	85	291.085960559996
922424400	85	290.696556975971
922428000	85	289.591463686733
922431600	85	289.014928364165
922435200	85	288.900177027981
922438800	85	288.632169830461
922442400	85	288.368976685233
922446000	85	288.245191679659
922449600	85	288.892923855805
922453200	85	288.999963686818
922456800	85	288.949708697195
922460400	85	288.943611044169
922464000	85	289.178665138584
922467600	85	289.351933728674
922471200	85	289.242911999509
922474800	85	289.341478387362
922478400	85	289.340342804802
922482000	85	289.706458315864
922485600	85	290.434099766211
922489200	85	291.010966749995
922492800	86	291.722980415861
922496400	86	292.009293265217
922500000	86	292.536479854166
922503600	86	292.794900154128
922507200	86	292.811962100774
922510800	86	292.538187899092
922514400	86	291.514422917041
922518000	86	290.427215418634
922521600	86	290.15191843485
922525200	86	290.004302503972
922528800	86	289.92507678359
922532400	86	290.090166713505
922536000	86	291.078924960337
922539600	86	291.182362009621
922543200	86	291.088458088722
922546800	86	291.060472483675
922550400	86	291.065333966299
922554000	86	291.074008999537
922557600	86	290.823827075315
922561200	86	290.934170952512
922564800	86	291.231501454773
922568400	86	291.844845920492
922572000	86	292.464376942163
922575600	86	292.721448077043
922579200	87	292.597718087654
922582800	87	292.390484849431
922586400	87	291.801207520462
922590000	87	291.515127069266
922593600	87	291.38838260147
922597200	87	291.253495085711
922600800	87	291.099847608294
922604400	87	291.039973498457
922608000	87	291.115489873548
922611600	87	291.164536799979
922615200	87	291.233353955068
922618800	87	291.339434714624
922622400	87	291.696361216086
922626000	87	291.777567922562
922629600	87	291.789969978775
922633200	87	291.776783398872
922636800	87	291.773408326906
922640400	87	291.777974986482
922644000	87	291.740034388068
922647600	87	291.793965693481
922651200	87	291.922729025012
922654800	87	292.314540410053
922658400	87	292.661653660152
922662000	87	292.97555747253
922665600	88	293.295812412486
922669200	88	293.561312758805
922672800	88	293.612259106832
922676400	88	293.279218562486
922680000	88	292.912607734779
922683600	88	292.584705721855
922687200	88	292.242941067756
922690800	88	292.05892092405
922694400	88	292.055114830344
922698000	88	292.146274674008
922701600	88	292.201465236337
922705200	88	292.234051585676
922708800	88	292.171206069287
922712400	88	292.104033344181
922716000	88	292.221916964946
922719600	88	292.190593680497
922723200	88	291.957765984053
922726800	88	291.582473491829
922730400	88	291.633212618503
922734000	88	291.502321717051
922737600	88	291.366266382211
922741200	88	291.298132811251
922744800	88	291.344360711512
922748400	88	291.394649383763
922752000	89	291.505931529858
922755600	89	291.712593783993
922759200	89	291.696420500743
922762800	89	291.607381700494
922766400	89	291.475512021536
922770000	89	291.27951130524
922773600	89	290.836634117708
922777200	89	290.539605958943
922780800	89	290.340278401354
922784400	89	290.117736205225
922788000	89	289.701944935375
922791600	89	289.000582250466
922795200	89	289.595485664878
922798800	89	289.532218677125
922802400	89	289.112257442676
922806000	89	288.835413506984
922809600	89	288.195183150735
922813200	89	287.663670218624
922816800	89	287.742808356809
922820400	89	288.043945027629
922824000	89	289.266721723862
922827600	89	289.939858465155
922831200	89	291.182417168403
922834800	89	291.699645398554
922838400	90	292.52267311779
922842000	90	292.090864136569
922845600	90	292.090799292888
922849200	90	291.670518360244
922852800	90	291.057179361266
922856400	90	290.320771357483
922860000	90	288.459020176055
922863600	90	286.707141943203
922867200	90	286.862316653762
922870800	90	287.445642644056
922874400	90	287.534359287968
922878000	90	287.510815194286
922881600	90	288.149714672559
922885200	90	288.421864117597
922888800	90	288.568438611254
922892400	90	288.582573498132
922896000	90	288.476850954494
922899600	90	288.370600845134
922903200	90	287.755844443595
922906800	90	287.289675043341
922910400	90	287.185407363391
922914000	90	287.248201962504
922917600	90	287.271914657272
922921200	90	287.350960307615
