Unix	jday	Pressure
649468800	213	101124.69709973
649472400	213	101084.69709973
649476000	213	101045.586356627
649479600	213	101024.69709973
649483200	213	101024.687235226
649486800	213	101034.677370722
649490400	213	101124.677370722
649494000	213	101133.906158378
649497600	213	101173.788113825
649501200	213	101243.778249321
649504800	213	101253.778249321
649508400	213	101273.778249321
649512000	213	101283.134946033
649515600	213	101273.144810538
649519200	213	101292.373598194
649522800	213	101273.26285509
649526400	213	101233.26285509
649530000	213	101214.034067434
649533600	213	101234.034067434
649537200	213	101274.795415274
649540800	213	101354.805279778
649544400	213	101424.034067434
649548000	213	101364.161976491
649551600	213	101314.161976491
649555200	214	101283.400628651
649558800	214	101213.518673203
649562400	214	101112.639280811
649566000	214	101042.511371755
649569600	214	101042.383462698
649573200	214	101052.255553641
649576800	214	101151.484341297
649580400	214	101162.245689137
649584000	214	101272.245689137
649587600	214	101303.134946033
649591200	214	101322.363733689
649594800	214	101362.363733689
649598400	214	101423.134946033
649602000	214	101493.906158378
649605600	214	101494.805279778
649609200	214	101505.566627618
649612800	214	101474.805279778
649616400	214	101465.566627618
649620000	214	101533.125081529
649623600	214	101643.906158378
649627200	214	101704.795415274
649630800	214	101795.68467217
649634400	214	101755.694536675
649638000	214	101725.694536675
649641600	215	101654.933188835
649645200	215	101605.061097892
649648800	215	101574.299750052
649652400	215	101504.417794604
649656000	215	101413.528537708
649659600	215	101344.417794604
649663200	215	101363.528537708
649666800	215	101374.299750052
649670400	215	101354.299750052
649674000	215	101374.289885547
649677600	215	101353.528537708
649681200	215	101313.528537708
649684800	215	101223.410493155
649688400	215	101144.053796443
649692000	215	101074.943053339
649695600	215	101024.943053339
649699200	215	100924.171840995
649702800	215	100823.400628651
649706400	215	100764.171840995
649710000	215	100733.154675042
649713600	215	100731.612250354
649717200	215	100741.612250354
649720800	215	100630.968947066
649724400	215	100540.207599227
649728000	216	100461.74015941
649731600	216	100409.554431435
649735200	216	100300.197734722
649738800	216	100189.308477826
649742400	216	100080.197734722
649746000	216	100009.436386882
649749600	216	99829.672475987
649753200	216	99808.9111281472
649756800	216	99799.0390372038
649760400	216	99740.6995064444
649764000	216	99663.1311880291
649767600	216	99593.1410525334
649771200	216	99453.0230079811
649774800	216	99363.0230079811
649778400	216	99262.3797046936
649782000	216	99132.3797046936
649785600	216	99001.6084923495
649789200	216	98871.7265369018
649792800	216	98640.9553245577
649796400	216	98581.6282213582
649800000	216	98501.6282213582
649803600	216	98432.3994337023
649807200	216	98301.7561304148
649810800	216	98160.2235702309
649814400	217	98118.9308571559
649818000	217	98059.1866752692
649821600	217	98025.9837813403
649825200	217	98055.7279632271
649828800	217	98047.260523411
649832400	217	98068.7832190905
649836000	217	98197.3921904719
649839600	217	98426.4832045668
649843200	217	98617.3724614632
649846800	217	98747.3823259675
649850400	217	98797.3921904719
649854000	217	98839.0526597125
649857600	217	98828.9247506558
649861200	217	98898.1732673204
649864800	217	98949.0625242168
649868400	217	98949.9616456176
649872000	217	98869.9517811132
649875600	217	98819.9517811132
649879200	217	98758.4192209293
649882800	217	98810.0796901699
649886400	217	98800.988676075
649890000	217	98750.988676075
649893600	217	98670.2075992265
649897200	217	98589.3183423301
649900800	218	98580.0796901699
649904400	218	98429.3282068344
649908000	218	98278.5569944903
649911600	218	98165.4721451138
649915200	218	98017.9136912028
649918800	218	97868.8226771079
649922400	218	97549.7020695
649926000	218	97440.3453727875
649929600	218	97282.5409652676
649933200	218	97160.0994191786
649936800	218	97157.7759176418
649940400	218	97186.1055838969
649944000	218	97176.9948407934
649947600	218	97157.8939621941
649951200	218	97108.5569944903
649954800	218	96960.8706315227
649958400	218	96877.9136912028
649962000	218	96808.8128126036
649965600	218	96920.0895546742
649969200	218	96832.6590098199
649972800	218	96771.1165851316
649976400	218	96780.0994191785
649980000	218	96659.9715101219
649983600	218	96589.0822532255
649987200	219	96567.4119194806
649990800	219	96479.2002977778
649994400	219	96338.5668589946
649998000	219	96257.014569802
650001600	219	96177.6578730895
650005200	219	96137.6578730895
650008800	219	96397.2544169109
650012400	219	96524.9605088872
650016000	219	96567.5200995285
650019600	219	96578.2814473683
650023200	219	96638.9247506558
650026800	219	96739.5680539433
650030400	219	96989.3221003344
650034000	219	97177.7895401505
650037600	219	97287.146236863
650041200	219	97338.0354937594
650044800	219	97398.7968415992
650048400	219	97499.4401448867
650052000	219	97666.7526451887
650055600	219	97837.7599466374
650059200	219	98008.0059002464
650062800	219	98150.4474463354
650066400	219	98310.3392662874
650070000	219	98410.4671753441
650073600	220	98390.3294017831
650077200	220	98492.6331743112
650080800	220	98641.861961967
650084400	220	98731.2186586795
650088000	220	98822.1177800803
650091600	220	98921.4744767928
650095200	220	99051.4744767928
650098800	220	99120.713128953
650102400	220	99231.4843412971
650106000	220	99323.1349460334
650109600	220	99413.1448105377
650113200	220	99494.0242029298
650116800	220	99654.0340674341
650120400	220	99734.0439319385
650124000	220	99784.8052797783
650127600	220	99824.0439319385
650131200	220	99834.9233243306
650134800	220	99854.9331888349
650138400	220	99795.704401179
650142000	220	99834.8151442826
650145600	220	99904.1718409951
650149200	220	99984.1619764908
650152800	220	100004.161976491
650156400	220	100013.272719594
650160000	221	99933.1546750421
650163600	221	99922.5113717546
650167200	221	99932.3933272023
650170800	221	99913.2825840987
650174400	221	99902.3834626979
650178000	221	99902.3834626979
650181600	221	99922.2555536413
650185200	221	99982.245689137
650188800	221	100070.585219896
650192400	221	100131.346567736
650196000	221	100181.346567736
650199600	221	100212.235824633
650203200	221	100202.363733689
650206800	221	100252.245689137
650210400	221	100311.474476793
650214000	221	100332.363733689
650217600	221	100322.363733689
650221200	221	100312.373598194
650224800	221	100373.252990586
650228400	221	100444.02420293
650232000	221	100513.26285509
650235600	221	100554.034067434
650239200	221	100545.576492122
650242800	221	100536.475613523
650246400	222	100544.034067434
650250000	222	100535.694536675
650253600	222	100536.475613523
650257200	222	100496.485478028
650260800	222	100465.704401179
650264400	222	100464.815144283
650268000	222	100535.051233387
650271600	222	100566.60352258
650275200	222	100597.36487042
650278800	222	100646.485478028
650282400	222	100647.36487042
650286000	222	100618.26399182
650289600	222	100559.035204165
650293200	222	100538.145947268
650296800	222	100499.806416509
650300400	222	100468.927024117
650304000	222	100399.698236461
650307600	222	100339.698236461
650311200	222	100399.5604629
650314800	222	100338.927024117
650318400	222	100268.927024117
650322000	222	100257.899993659
650325600	222	100218.927024117
650329200	222	100158.927024117
650332800	223	100059.045068669
650336400	223	99908.9368886209
650340000	223	99805.8323102357
650343600	223	99658.2837208291
650347200	223	99518.2837208291
650350800	223	99378.2837208291
650354400	223	99349.1828422298
650358000	223	99257.5322374936
650361600	223	99127.5322374936
650365200	223	99017.5322374936
650368800	223	98946.6331160929
650372400	223	98866.7511606451
650376000	223	98767.404328437
650379600	223	98655.8717682531
650383200	223	98593.430222164
650386800	223	98494.1915700038
650390400	223	98335.8520392444
650394000	223	98224.9726468523
650397600	223	97976.7708896538
650401200	223	97896.8987987105
650404800	223	97816.009541814
650408400	223	97745.1202849176
650412000	223	97694.4671171258
650415600	223	97643.567995725
650419200	224	97566.8987987105
650422800	224	97425.2383294699
650426400	224	97265.2383294699
650430000	224	97133.5778602293
650433600	224	97070.4930108528
650437200	224	97028.9407216602
650440800	224	97096.6172201235
650444400	224	97048.2875538684
650448000	224	96999.0587662125
650451600	224	96988.6750390426
650455200	224	97048.301176377
650458800	224	97128.0453582637
650462400	224	97385.4857676224
650466000	224	97425.859630288
650469600	224	97445.859630288
650473200	224	97465.8694947923
650476800	224	97456.6308426321
650480400	224	97466.6308426321
650484000	224	97535.613676679
650487600	224	97597.4020549762
650491200	224	97709.0526597125
650494800	224	97808.9444796645
650498400	224	97848.1732673204
650502000	224	97878.1732673204
650505600	225	97827.4020549762
650509200	225	97826.6407071364
650512800	225	97846.5029335755
650516400	225	97866.4930690711
650520000	225	97877.2741459196
650523600	225	97898.163402816
650527200	225	97989.6959629999
650530800	225	98098.9346151602
650534400	225	98168.163402816
650538000	225	98218.163402816
650541600	225	98239.0526597125
650545200	225	98249.8238720566
650548800	225	98210.7328579617
650552400	225	98180.7328579617
650556000	225	98170.7328579617
650559600	225	98160.7328579617
650563200	225	98120.7328579617
650566800	225	98081.5040703058
650570400	225	98053.0366304898
650574000	225	98082.8988569288
650577600	225	98162.7808123765
650581200	225	98232.7808123765
650584800	225	98252.0096000323
650588400	225	98232.0096000323
650592000	226	98180.4671753441
650595600	226	98121.3662967449
650599200	226	98091.3662967449
650602800	226	98100.5950844007
650606400	226	98080.6049489051
650610000	226	98070.6049489051
650613600	226	98081.4942058015
650617200	226	98102.2654181456
650620800	226	98152.2555536413
650624400	226	98171.3662967449
650628000	226	98161.3761612492
650631600	226	98152.137509089
650635200	226	98173.0366304898
650638800	226	98172.9185859375
650642400	226	98153.6799337773
650646000	226	98132.9087214331
650649600	226	98112.7906768808
650653200	226	98092.7906768808
650656800	226	98102.0194645367
650660400	226	98152.0194645367
650664000	226	98212.8988569288
650667600	226	98272.7808123765
650671200	226	98302.0096000323
650674800	226	98321.89155548
650678400	227	98411.7537819191
650682000	227	98431.7537819191
650685600	227	98411.8718264714
650689200	227	98410.3392662875
650692800	227	98430.3392662875
650696400	227	98460.3392662874
650700000	227	98541.2383876882
650703600	227	98601.2482521926
650707200	227	98671.1203431359
650710800	227	98682.137509089
650714400	227	98691.2482521926
650718000	227	98701.3761612492
650721600	227	98650.3491307918
650725200	227	98671.3564322405
650728800	227	98700.5950844007
650732400	227	98672.1276445847
650736000	227	98642.245689137
650739600	227	98642.2555536413
650743200	227	98672.3735981936
650746800	227	98712.3933272023
650750400	227	98751.6319793625
650754000	227	98741.6319793625
650757600	227	98681.7598884191
650761200	227	98622.6491453155
650764800	228	98502.6491453155
650768400	228	98492.6590098199
650772000	228	98422.5409652676
650775600	228	98313.3121776117
650779200	228	98253.3023131074
650782800	228	98223.9456163949
650786400	228	98253.1744040507
650790000	228	98244.8348732913
650793600	228	98264.7266932433
650797200	228	98234.716828739
650800800	228	98194.7069642347
650804400	228	98163.8177073382
650808000	228	98133.9258873862
650811600	228	98103.9357518905
650815200	228	98034.579055178
650818800	228	97944.3331015691
650822400	228	97874.4511461214
650826000	228	97844.4610106257
650829600	228	97865.1043139132
650833200	228	97855.1043139132
650836800	228	97875.7377526964
650840400	228	97875.619708144
650844000	228	97844.8484957999
650847600	228	97814.8386312956
650851200	229	97753.9493743991
650854800	229	97635.4819345831
650858400	229	97583.8214653425
650862000	229	97593.7034207902
650865600	229	97574.5828131823
650869200	229	97573.8313298469
650872800	229	97663.9493743992
650876400	229	97703.3060711117
650880000	229	97733.3060711117
650883600	229	97783.2962066073
650887200	229	97783.2962066073
650890800	229	97803.178162055
650894400	229	97812.5249942632
650898000	229	97812.3970852066
650901600	229	97822.3970852066
650905200	229	97831.6258728624
650908800	229	97841.6258728624
650912400	229	97851.6258728624
650916000	229	97921.6258728624
650919600	229	97952.3970852066
650923200	229	98040.7267514617
650926800	229	98160.598842405
650930400	229	98231.3601902448
650934000	229	98271.3700547491
650937600	230	98331.4979638058
650941200	230	98342.2691761499
650944800	230	98382.1412670933
650948400	230	98452.2691761499
650952000	230	98532.2691761499
650955600	230	98603.0305239897
650959200	230	98682.3970852066
650962800	230	98743.4043866553
650966400	230	98832.5151297589
650970000	230	98931.7439174147
650973600	230	98991.7439174147
650977200	230	99052.6331743112
650980800	230	99041.7439174147
650984400	230	99111.7537819191
650988000	230	99171.7439174147
650991600	230	99231.7439174147
650995200	230	99281.861961967
650998800	230	99331.1006141272
651002400	230	99360.2014927265
651006000	230	99410.9727050706
651009600	230	99471.7439174147
651013200	230	99532.6331743112
651016800	230	99592.5151297589
651020400	230	99642.5151297589
651024000	231	99702.6331743112
651027600	231	99712.6430388155
651031200	231	99731.861961967
651034800	231	99752.5052652545
651038400	231	99773.3945221509
651042000	231	99813.2764775986
651045600	231	99843.4043866553
651049200	231	99923.5224312076
651052800	231	99984.3035080561
651056400	231	100015.064855896
651060000	231	100034.175598999
651063600	231	100045.064855896
651067200	231	100075.064855896
651070800	231	100105.064855896
651074400	231	100145.064855896
651078000	231	100145.83606824
651081600	231	100155.83606824
651085200	231	100155.83606824
651088800	231	100165.064855896
651092400	231	100205.0747204
651096000	231	100235.192764952
651099600	231	100275.192764952
651103200	231	100295.192764952
651106800	231	100305.192764952
651110400	232	100294.431417113
651114000	232	100256.091886353
651117600	232	100225.973841801
651121200	232	100225.973841801
651124800	232	100216.863098697
651128400	232	100226.101750858
651132000	232	100277.762220098
651135600	232	100306.991007754
651139200	232	100326.991007754
651142800	232	100327.109052306
651146400	232	100327.109052306
651150000	232	100326.21979541
651153600	232	100366.21979541
651157200	232	100365.448583066
651160800	232	100384.549461665
651164400	232	100374.549461665
651168000	232	100335.310809505
651171600	232	100304.549461665
651175200	232	100215.438718561
651178800	232	100195.566627618
651182400	232	100223.916022882
651186000	232	100263.906158378
651189600	232	100274.795415274
651193200	232	100264.795415274
651196800	233	100235.566627618
651200400	233	100184.687235226
651204000	233	100124.034067434
651207600	233	100074.043931939
651211200	233	100044.815144283
651214800	233	100025.704401179
651218400	233	100125.586356627
651222000	233	100145.596221131
651225600	233	100165.596221131
651229200	233	100175.596221131
651232800	233	100166.357568971
651236400	233	100146.357568971
651240000	233	100076.485478028
651243600	233	100056.485478028
651247200	233	100016.485478028
651250800	233	99955.7142656834
651254400	233	99925.5962211311
651258000	233	99895.7142656834
651261600	233	99904.8151442826
651265200	233	99914.8151442826
651268800	233	99945.7142656834
651272400	233	99944.825008787
651276000	233	99915.7142656834
651279600	233	99875.7241301877
651283200	234	99905.7241301877
651286800	234	99816.6232515885
651290400	234	99756.7511606451
651294000	234	99726.6331160928
651297600	234	99716.7511606451
651301200	234	99715.8619037487
651304800	234	99726.6133870841
651308400	234	99735.7339946921
651312000	234	99755.84217474
651315600	234	99765.84217474
651319200	234	99745.7241301877
651322800	234	99705.7241301877
651326400	234	99687.266554876
651330000	234	99637.266554876
651333600	234	99576.5052070362
651337200	234	99527.3944639326
651340800	234	99477.3944639326
651344400	234	99437.3944639326
651348000	234	99408.1656762768
651351600	234	99437.2764193803
651355200	234	99427.2764193803
651358800	234	99398.1656762768
651362400	234	99358.1656762768
651366000	234	99328.1656762768
651369600	235	99239.1828422298
651373200	235	99169.0549331732
651376800	235	99117.2764193803
651380400	235	99077.1485103237
651384000	235	99078.0377672201
651387600	235	99088.0377672201
651391200	235	99046.5052070362
651394800	235	99068.0377672201
651398400	235	99107.1485103237
651402000	235	99097.266554876
651405600	235	99057.1485103237
651409200	235	99016.3772979796
651412800	235	98866.3674334752
651416400	235	98816.2592534273
651420000	235	98757.1386458193
651423600	235	98696.3772979796
651427200	235	98627.1485103237
651430800	235	98567.1485103237
651434400	235	98547.0304657714
651438000	235	98556.2592534273
651441600	235	98546.2592534273
651445200	235	98526.2592534273
651448800	235	98515.3699965308
651452400	235	98496.1313443706
651456000	236	98495.3601320265
651459600	236	98426.003435314
651463200	236	98355.1043139132
651466800	236	98275.865661753
651470400	236	98205.6197081441
651474000	236	98135.6098436397
651477600	236	98114.5926776867
651481200	236	98094.46476863
651484800	236	98074.2188150211
651488400	236	97984.9801628609
651492000	236	97883.9629969078
651495600	236	97793.1819200593
651499200	236	97751.7674044277
651502800	236	97671.88544898
651506400	236	97599.7095855086
651510000	236	97518.3049343813
651513600	236	97457.7895401504
651517200	236	97427.2642814152
651520800	236	97376.6308426321
651524400	236	97397.5398285372
651528000	236	97428.4290854336
651531600	236	97449.9715101219
651535200	236	97449.9715101219
651538800	236	97440.6148134094
651542400	237	97478.9444796645
651546000	237	97419.7156920086
651549600	237	97399.7058275043
651553200	237	97400.4770398484
651556800	237	97409.7156920086
651560400	237	97429.587782952
651564000	237	97408.8165706079
651567600	237	97429.8436010653
651571200	237	97460.6148134094
651574800	237	97510.6148134094
651578400	237	97561.4942058015
651582000	237	97611.3761612492
651585600	237	97742.1473735933
651589200	237	97742.9087214331
651592800	237	97763.6799337772
651596400	237	97752.9185859374
651600000	237	97743.6799337773
651603600	237	97752.8005413851
651607200	237	97854.3232370647
651610800	237	97874.2150570168
651614400	237	97914.3429660734
651618000	237	97965.1043139132
651621600	237	97995.8755262573
651625200	237	98025.8853907617
651628800	238	98154.4610106257
651632400	238	98175.2322229698
651636000	238	98204.3429660734
651639600	238	98264.3331015691
651643200	238	98314.3331015691
651646800	238	98365.1043139132
651650400	238	98455.1043139132
651654000	238	98545.8755262573
651657600	238	98645.1043139132
651661200	238	98735.1043139132
651664800	238	98825.1043139132
651668400	238	98925.9837063053
651672000	238	98974.579055178
651675600	238	99035.3502675222
651679200	238	99135.2223584655
651682800	238	99235.2124939612
651686400	238	99315.0944494089
651690000	238	99405.0944494089
651693600	238	99455.2124939612
651697200	238	99545.0944494089
651700800	238	99675.0944494089
651704400	238	99845.2124939612
651708000	238	99985.0845849045
651711600	238	100095.0747204
651715200	239	100062.643038815
651718800	239	100072.643038815
651722400	239	100084.175598999
651726000	239	100114.946811344
651729600	239	100194.175598999
651733200	239	100264.165734495
651736800	239	100403.41425116
651740400	239	100483.522431208
651744000	239	100562.761083368
651747600	239	100642.87912792
651751200	239	100683.650340264
651754800	239	100732.888992424
651758400	239	100723.660204769
651762000	239	100772.888992424
651765600	239	100813.768384817
651769200	239	100852.888992424
651772800	239	100862.888992424
651776400	239	100883.007036977
651780000	239	100873.778249321
651783600	239	100924.667506217
651787200	239	101014.667506217
651790800	239	101085.438718561
651794400	239	101105.438718561
651798000	239	101115.438718561
651801600	240	101105.566627618
651805200	240	101115.566627618
651808800	240	101125.448583066
651812400	240	101135.566627618
651816000	240	101124.805279778
651819600	240	101134.677370722
651823200	240	101144.034067434
651826800	240	101214.795415274
651830400	240	101284.034067434
651834000	240	101334.02420293
651837600	240	101353.906158378
651841200	240	101373.906158378
651844800	240	101353.906158378
651848400	240	101364.034067434
651852000	240	101374.034067434
651855600	240	101344.034067434
651859200	240	101294.043931938
651862800	240	101264.923324331
651866400	240	101234.933188835
651870000	240	101294.933188835
651873600	240	101374.933188835
651877200	240	101405.822445731
651880800	240	101355.832310236
651884400	240	101305.832310236
651888000	241	101276.60352258
651891600	241	101255.832310236
651895200	241	101205.832310236
651898800	241	101165.070962396
651902400	241	101145.070962396
651906000	241	101145.061097892
651909600	241	101214.933188835
651913200	241	101265.061097892
651916800	241	101305.832310236
651920400	241	101345.832310236
651924000	241	101354.943053339
651927600	241	101335.832310236
651931200	241	101325.704401179
651934800	241	101345.576492122
651938400	241	101355.576492122
651942000	241	101335.694536675
651945600	241	101295.576492122
651949200	241	101264.815144283
651952800	241	101235.576492122
651956400	241	101255.704401179
651960000	241	101275.704401179
651963600	241	101305.704401179
651967200	241	101294.943053339
651970800	241	101265.832310236
651974400	242	101265.832310236
651978000	242	101205.070962396
651981600	242	101135.070962396
651985200	242	101085.208735957
651988800	242	101084.309614556
651992400	242	101075.070962396
651996000	242	101094.309614556
651999600	242	101114.299750052
652003200	242	101144.171840995
652006800	242	101174.171840995
652010400	242	101184.171840995
652014000	242	101193.154675042
652017600	242	101083.916022882
652021200	242	101093.916022882
652024800	242	101063.906158378
652028400	242	101043.144810538
652032000	242	101023.134946033
652035600	242	101012.373598194
652039200	242	101043.144810538
652042800	242	101093.144810538
652046400	242	101134.034067434
652050000	242	101144.043931938
652053600	242	101094.043931938
652057200	242	101054.043931938
652060800	243	100974.69709973
652064400	243	100973.154675042
652068000	243	100944.053796443
652071600	243	100904.825008787
652075200	243	100873.164539546
652078800	243	100853.154675042
652082400	243	100842.127644585
652086000	243	100931.238387688
652089600	243	100992.888992424
652093200	243	101041.999735528
652096800	243	101033.016901481
652100400	243	101042.245689137
652104000	243	100921.494205802
652107600	243	100931.730294906
652111200	243	100911.602385849
652114800	243	100872.373598194
652118400	243	100843.016901481
652122000	243	100832.255553641
652125600	243	100893.144810538
652129200	243	100942.383462698
652132800	243	100982.383462698
652136400	243	100992.50150725
652140000	243	100942.50150725
652143600	243	100902.393327202
