Unix	jday	V-component_of_wind
649468800	213	-2.73934869509819
649472400	213	-2.35682315429561
649476000	213	-1.58647149715197
649479600	213	-0.785540555154597
649483200	213	-0.280214549771508
649486800	213	-0.0246582211283832
649490400	213	-1.41290150854516
649494000	213	-1.27838828374659
649497600	213	-1.12477349834498
649501200	213	-0.889877359022967
649504800	213	-0.844992501117317
649508400	213	-0.875968491322731
649512000	213	-1.06465738944657
649515600	213	-1.20835130454996
649519200	213	-1.46988761554127
649522800	213	-1.74793069459208
649526400	213	-1.86119137957991
649530000	213	-1.8593290491987
649533600	213	-1.48444769857986
649537200	213	-1.81900809274046
649540800	213	-1.57134554417403
649544400	213	-1.51549213513158
649548000	213	-1.65867756606663
649551600	213	-1.70738579134377
649555200	214	-3.88850078847647
649558800	214	-4.26148252016725
649562400	214	-4.09214094028004
649566000	214	-3.63499098389632
649569600	214	-2.90236615772327
649573200	214	-2.31390034088707
649576800	214	-2.52645902519843
649580400	214	-2.45071545648277
649584000	214	-2.14454666210147
649587600	214	-1.95057075990615
649591200	214	-1.98390650975445
649594800	214	-2.0536442647552
649598400	214	-2.5181735309476
649602000	214	-2.46570578733093
649605600	214	-1.74790772774919
649609200	214	-1.20516026725225
649612800	214	-1.02691044912684
649616400	214	-0.817236166768411
649620000	214	0.392505605808833
649623600	214	-0.402825358720263
649627200	214	-0.383162301281137
649630800	214	-0.214589211421402
649634400	214	0.332997713402502
649638000	214	0.964819803897376
649641600	215	-1.26954719036188
649645200	215	-1.69947929284287
649648800	215	-2.33629489741165
649652400	215	-2.89497515620936
649656000	215	-3.20328982036839
649659600	215	-3.34676061468524
649663200	215	-3.0852680791328
649666800	215	-3.36502437084194
649670400	215	-3.28815861299555
649674000	215	-3.18789542989167
649677600	215	-3.03762033485196
649681200	215	-2.92744330224211
649684800	215	-5.85332565186026
649688400	215	-4.35077895766279
649692000	215	-3.11627329952769
649695600	215	-2.63207979373219
649699200	215	-2.62388563234231
649702800	215	-2.67825100803148
649706400	215	-1.70588053945761
649710000	215	-2.22673902178612
649713600	215	-2.56679551996699
649717200	215	-2.58630124260163
649720800	215	-3.05358296570451
649724400	215	-3.50506773394287
649728000	216	-4.79587549296149
649731600	216	-5.02039121674365
649735200	216	-4.9863433736005
649738800	216	-4.71091669113196
649742400	216	-4.36751294718663
649746000	216	-4.12684261025125
649749600	216	-2.98943634356824
649753200	216	-4.40502520891096
649756800	216	-5.24943227382864
649760400	216	-5.29627764816948
649764000	216	-5.01796765262246
649767600	216	-4.90933910966225
649771200	216	-7.68884217707311
649774800	216	-5.28865834793987
649778400	216	-5.07410148225523
649782000	216	-5.18394236540659
649785600	216	-5.76421985848584
649789200	216	-6.1477691674301
649792800	216	-7.5458005982212
649796400	216	-6.34529867716996
649800000	216	-6.06365536462538
649803600	216	-5.95216323063684
649807200	216	-6.79106583129451
649810800	216	-8.16367710513021
649814400	217	-10.7506878330912
649818000	217	-8.2098557814274
649821600	217	-8.05372919125448
649825200	217	-7.66718278001251
649828800	217	-6.35746434558989
649832400	217	-4.5660769241239
649836000	217	-1.85169974171434
649839600	217	-2.79586361828449
649843200	217	-2.76065347365395
649846800	217	-2.85354061681483
649850400	217	-2.96708091814544
649854000	217	-3.10221655886356
649857600	217	-2.57360996630896
649861200	217	-3.20709381462445
649864800	217	-3.28866959111785
649868400	217	-3.23254462501825
649872000	217	-3.06136149831945
649875600	217	-3.1340506304564
649879200	217	-3.17786565399736
649882800	217	-3.71296018119125
649886400	217	-3.34775504190165
649890000	217	-3.29800385868933
649893600	217	-3.78524354347392
649897200	217	-4.23447850419516
649900800	218	-5.01258076466599
649904400	218	-4.59744638169498
649908000	218	-4.85316718926391
649911600	218	-6.37199076378128
649915200	218	-5.4523090860019
649918800	218	-4.75252661309534
649922400	218	-3.27382400542917
649926000	218	-4.42955590231591
649929600	218	-3.96043872855276
649933200	218	-4.46473086874247
649936800	218	-4.94363924006995
649940400	218	-5.30730113059906
649944000	218	-4.53762931324563
649947600	218	-4.22239197285969
649951200	218	-4.1057129870871
649954800	218	-3.39979522715756
649958400	218	-4.37438932806688
649962000	218	-5.05969920814783
649965600	218	-3.73740375479916
649969200	218	-3.11379129319046
649972800	218	-2.85999241307293
649976400	218	-3.06164158362276
649980000	218	-3.29742510368749
649983600	218	-3.20381471451278
649987200	219	-4.33699705247611
649990800	219	-4.43354753467231
649994400	219	-4.01375501434449
649998000	219	-4.50096174530701
650001600	219	-4.26518986772795
650005200	219	-3.01889888542826
650008800	219	-1.07675385744415
650012400	219	-2.37824469275595
650016000	219	-2.61162483411307
650019600	219	-2.63637497580545
650023200	219	-1.95824764055026
650026800	219	-1.16718683011502
650030400	219	4.0089985170545
650034000	219	3.72597862989788
650037600	219	3.14043579906257
650041200	219	2.96804814325369
650044800	219	3.39556189116314
650048400	219	3.87726002417578
650052000	219	4.64306043491097
650055600	219	3.69710054242691
650059200	219	2.51922116279686
650062800	219	1.64383717743785
650066400	219	2.83606297002065
650070000	219	3.42872746412876
650073600	220	6.24174904286967
650077200	220	7.61477945962683
650080800	220	7.91618013499917
650084400	220	6.7199461747864
650088000	220	5.17094622088907
650091600	220	3.23680784944519
650095200	220	2.55853872383986
650098800	220	1.02758299640536
650102400	220	-0.336815254606015
650106000	220	-0.726898318615719
650109600	220	-0.34458324958925
650113200	220	-0.0611527233857503
650116800	220	-1.95765956555081
650120400	220	-1.7048481179608
650124000	220	-1.66070405796341
650127600	220	-1.95048846884341
650131200	220	-2.54635382362282
650134800	220	-3.05825116885012
650138400	220	-3.56603235283312
650142000	220	-3.25194583613463
650145600	220	-2.96926497787471
650149200	220	-3.11076613849043
650152800	220	-3.24727295613744
650156400	220	-3.34739730012835
650160000	221	-3.23448593733606
650163600	221	-3.2704172374558
650167200	221	-3.18291180838996
650170800	221	-2.61888036899795
650174400	221	-2.28160626985553
650178000	221	-1.82778324299763
650181600	221	-1.90584841560349
650185200	221	-2.07436622376415
650188800	221	-2.28790267196181
650192400	221	-2.34558435772814
650196000	221	-2.33263265110627
650199600	221	-2.30880158061965
650203200	221	-2.69264559676317
650206800	221	-2.20313058632138
650210400	221	-2.26818972030437
650214000	221	-2.27113679190216
650217600	221	-2.12283684998929
650221200	221	-2.0338970980416
650224800	221	-2.43431653619869
650228400	221	-2.17778774043676
650232000	221	-1.97511992460793
650235600	221	-1.89850954945485
650239200	221	-0.858141826897226
650242800	221	0.152672518976885
650246400	222	0.364665734665799
650250000	222	-1.04369956115221
650253600	222	-0.683494607121223
650257200	222	0.0113093378648489
650260800	222	-0.16065951512911
650264400	222	-0.405086147543456
650268000	222	-3.89102028932081
650271600	222	-2.59905134928035
650275200	222	-2.15123534841386
650278800	222	-2.41346477308278
650282400	222	-2.37907098462055
650286000	222	-2.43516063688842
650289600	222	-2.18759468303473
650293200	222	-2.66925509496546
650296800	222	-2.65809862442925
650300400	222	-2.61159805052681
650304000	222	-2.48597484504912
650307600	222	-2.29419394515516
650311200	222	-1.62789757781967
650314800	222	-1.42928164339504
650318400	222	-1.32531959685111
650322000	222	-1.81285055690989
650325600	222	-2.04183427800133
650329200	222	-2.44924751248847
650332800	223	-3.48265313053363
650336400	223	-3.38143790768869
650340000	223	-3.86139962335474
650343600	223	-3.14487695914196
650347200	223	-3.0303497051027
650350800	223	-3.36202613020194
650354400	223	-4.87977758541085
650358000	223	-4.521739046419
650361600	223	-4.52115835898065
650365200	223	-4.63532746001738
650368800	223	-5.1925242278677
650372400	223	-5.77339480361771
650376000	223	-4.38469259612788
650379600	223	-4.11049402734056
650383200	223	-4.78174786973413
650386800	223	-4.38661846095151
650390400	223	-3.81637908498031
650394000	223	-3.73884919739809
650397600	223	-5.05609137987603
650401200	223	-5.26021246153547
650404800	223	-5.55804166003069
650408400	223	-5.74145789350488
650412000	223	-6.01880753107931
650415600	223	-6.17993681748897
650419200	224	-5.77316663800082
650422800	224	-5.97169697288158
650426400	224	-6.08752363438239
650430000	224	-6.47896711173581
650433600	224	-6.97791705536645
650437200	224	-6.97986171658791
650440800	224	-9.5107731455379
650444400	224	-7.85365672535661
650448000	224	-6.82168537600132
650451600	224	-6.13919990922096
650455200	224	-4.92283194303083
650458800	224	-3.68434751563666
650462400	224	-2.37294861972443
650466000	224	-2.54188302331556
650469600	224	-3.4392015241538
650473200	224	-3.97947803822144
650476800	224	-4.14727130857607
650480400	224	-4.29762784640271
650484000	224	-1.88732516449061
650487600	224	-2.69926472612011
650491200	224	-2.46673814071475
650494800	224	-2.34706291202537
650498400	224	-2.62007512773792
650502000	224	-2.68270741141759
650505600	225	-3.58285512249479
650509200	225	-3.2798315863554
650512800	225	-3.16383512391242
650516400	225	-3.15376461864403
650520000	225	-3.06249988435812
650523600	225	-2.68845567189213
650527200	225	-2.13254846612178
650530800	225	-1.81442857032402
650534400	225	-1.95394192245455
650538000	225	-2.42498865276719
650541600	225	-2.54704259728219
650545200	225	-2.58406589545983
650548800	225	-5.60614049408563
650552400	225	-3.70800883112195
650556000	225	-2.96471747999117
650559600	225	-2.69703731823418
650563200	225	-2.33161319770983
650566800	225	-1.8960453707498
650570400	225	-1.95164498510051
650574000	225	-1.44858940265125
650577600	225	-0.429480097497803
650581200	225	0.31784767533803
650584800	225	0.783915305869069
650588400	225	1.70097342165562
650592000	226	0.272395640730119
650595600	226	0.0749483363666517
650599200	226	-0.00787772614550122
650602800	226	-0.0405736051889592
650606400	226	-0.118072876384924
650610000	226	-0.206313831513507
650613600	226	-1.0104405550397
650617200	226	-0.843613840277895
650620800	226	-0.992399745299286
650624400	226	-1.07733186871101
650628000	226	-1.07762540848539
650631600	226	-1.00798183937079
650635200	226	-1.80125375275623
650638800	226	-1.73221702923375
650642400	226	-1.41119746189791
650646000	226	-0.918351965012716
650649600	226	-0.166279981828325
650653200	226	0.53661628498144
650656800	226	0.0314975744944858
650660400	226	0.0205508689986559
650664000	226	0.238078863023897
650667600	226	0.640806909157938
650671200	226	1.16705524553337
650674800	226	1.60254835176264
650678400	227	4.86539818583542
650682000	227	4.56323874788158
650685600	227	4.38878598029355
650689200	227	3.78718918202704
650692800	227	2.98125971040682
650696400	227	1.92713829522184
650700000	227	-1.82857815478077
650703600	227	-1.2575396769601
650707200	227	-0.819286577730876
650710800	227	-0.646429797308413
650714400	227	-0.592874301621577
650718000	227	-0.603936270606989
650721600	227	2.21451628872618
650725200	227	0.702902050205135
650728800	227	-0.0642166229579131
650732400	227	-0.375158265003904
650736000	227	-0.716902215935252
650739600	227	-0.988612743262733
650743200	227	-1.81278929583645
650746800	227	-1.69619175613557
650750400	227	-1.75626451757391
650754000	227	-2.02259138290229
650757600	227	-2.05202402004757
650761200	227	-2.07463377865004
650764800	228	-3.87043877472698
650768400	228	-3.82197392744326
650772000	228	-3.70745968479496
650775600	228	-3.03858717328916
650779200	228	-3.04040032336166
650782800	228	-2.42478966211612
650786400	228	-3.73742042693818
650790000	228	-2.81063311555022
650793600	228	-2.33357413802245
650797200	228	-1.99718394729701
650800800	228	-2.08099454821581
650804400	228	-2.33219847936843
650808000	228	-3.4810473190538
650811600	228	-2.64725633593713
650815200	228	-2.00911895054311
650818800	228	-1.23400851914788
650822400	228	-0.875548503420293
650826000	228	-0.572959430663501
650829600	228	-0.664393514502379
650833200	228	0.179482605740661
650836800	228	0.849734653300844
650840400	228	2.16588709514628
650844000	228	2.8937143457111
650847600	228	3.47784668443752
650851200	229	3.8107696761381
650854800	229	4.40282886755505
650858400	229	4.22403081687781
650862000	229	3.87095474985108
650865600	229	3.83295727198709
650869200	229	3.80802110491208
650872800	229	2.90577174234343
650876400	229	3.19298610859348
650880000	229	3.11832612638306
650883600	229	3.19331232296757
650887200	229	3.43007816735237
650890800	229	3.74594293980674
650894400	229	2.42681693835749
650898000	229	3.37238962467127
650901600	229	3.69932318504423
650905200	229	3.86085410968615
650908800	229	4.04554640982439
650912400	229	4.19066570670193
650916000	229	3.17941070678359
650919600	229	4.15440017988126
650923200	229	4.57329669647877
650926800	229	4.70208052131176
650930400	229	5.1067230264711
650934000	229	5.5106947331755
650937600	230	3.42766229170707
650941200	230	5.22540943822878
650944800	230	6.11921021070317
650948400	230	6.57004372817607
650952000	230	6.55420113294221
650955600	230	6.50153548812269
650959200	230	3.70141958492531
650962800	230	4.79950771688502
650966400	230	4.60254326819618
650970000	230	4.15256692190567
650973600	230	3.95070586806498
650977200	230	3.86654098343783
650980800	230	2.68463066566316
650984400	230	3.49707909345573
650988000	230	3.75003152253441
650991600	230	3.44768987981258
650995200	230	2.98972176649031
650998800	230	2.62927515901832
651002400	230	2.41433627807888
651006000	230	2.43444080068162
651009600	230	3.0186316768289
651013200	230	3.78453729707159
651016800	230	4.38697011081226
651020400	230	4.80622240661833
651024000	231	3.44580488370211
651027600	231	4.95235498724414
651031200	231	5.09581453011094
651034800	231	4.88172505192072
651038400	231	4.77367287791009
651042000	231	4.29692368387993
651045600	231	2.54509993500752
651049200	231	3.09135147477346
651052800	231	3.28286582506702
651056400	231	3.51785859309903
651060000	231	3.67619584462724
651063600	231	3.69570156726188
651067200	231	3.94495601147258
651070800	231	3.83865008448151
651074400	231	3.69909068680428
651078000	231	3.64746937309649
651081600	231	3.60712882538497
651085200	231	3.43175369512366
651088800	231	2.57582997572616
651092400	231	2.75419889569468
651096000	231	2.47050466113375
651099600	231	1.78596229193775
651103200	231	1.46963300647268
651106800	231	1.10907612912323
651110400	232	1.01595440102076
651114000	232	1.56730979324455
651117600	232	1.72999787990296
651121200	232	1.79029906198418
651124800	232	1.63244541119897
651128400	232	1.59993862565904
651132000	232	1.25971839707236
651135600	232	1.11391270724644
651139200	232	0.826505629250177
651142800	232	0.545511920322104
651146400	232	0.453513311964341
651150000	232	0.393686783868764
651153600	232	-0.147981126749314
651157200	232	-0.211599979374653
651160800	232	-0.269488222822569
651164400	232	-0.317442863779939
651168000	232	-0.144877206744916
651171600	232	-0.129633575913553
651175200	232	-1.43956433795064
651178800	232	-0.846570839323921
651182400	232	-0.859555076712571
651186000	232	-1.47150330839241
651189600	232	-1.69728389550382
651193200	232	-1.89237206924992
651196800	233	-0.0337084035173127
651200400	233	-1.34270976612069
651204000	233	-2.48931570912483
651207600	233	-3.12040000851946
651211200	233	-3.23643211835645
651214800	233	-3.0089841929186
651218400	233	-2.32665444226175
651222000	233	-2.30892031487647
651225600	233	-2.30119833429509
651229200	233	-2.36157214219807
651232800	233	-2.34712814495153
651236400	233	-2.34539895251505
651240000	233	-1.53478240978178
651243600	233	-1.93649218667237
651247200	233	-2.23985036719718
651250800	233	-2.72535099809995
651254400	233	-3.16324980469593
651258000	233	-3.50144794027975
651261600	233	-3.19477160354734
651265200	233	-3.10329421173796
651268800	233	-3.00508503500499
651272400	233	-3.41025489352323
651276000	233	-3.71530315108185
651279600	233	-3.73905715009052
651283200	234	-4.60381907746721
651286800	234	-3.90771031354498
651290400	234	-3.72321869713837
651294000	234	-3.50454700531442
651297600	234	-3.28253817110989
651301200	234	-3.099130739657
651304800	234	-3.9918636154017
651308400	234	-3.64579236082537
651312000	234	-3.70093667829204
651315600	234	-3.65096605788364
651319200	234	-3.39160176395565
651322800	234	-3.22838158805469
651326400	234	-4.139277885277
651330000	234	-3.48076138358061
651333600	234	-3.30262223307826
651337200	234	-3.57269328164895
651340800	234	-3.85905208200773
651344400	234	-4.24904036619327
651348000	234	-5.29955624975038
651351600	234	-4.95447292349219
651355200	234	-4.51806842737536
651358800	234	-4.19554087938173
651362400	234	-4.16697894963187
651366000	234	-4.18857018618165
651369600	235	-7.36430488120808
651373200	235	-6.50739117795648
651376800	235	-5.65485448579116
651380400	235	-4.77582255893081
651384000	235	-4.64332380104187
651387600	235	-4.49329284228532
651391200	235	-5.14547085529062
651394800	235	-3.74230024444808
651398400	235	-2.99506055409788
651402000	235	-2.64343331279198
651405600	235	-2.60782574363706
651409200	235	-2.56726252867545
651412800	235	-2.62079522904303
651416400	235	-2.23222521737601
651420000	235	-1.98961416651213
651423600	235	-1.86667461229135
651427200	235	-1.77868700725253
651430800	235	-1.74814963967499
651434400	235	-3.17344409877335
651438000	235	-1.89538762280283
651441600	235	-1.49019819789546
651445200	235	-1.31686725595116
651448800	235	-1.05272981552096
651452400	235	-0.658263744093405
651456000	236	-2.04107076456188
651459600	236	-0.458618063070053
651463200	236	0.286635144388389
651466800	236	0.851004347486166
651470400	236	1.31532270201002
651474000	236	1.71304091505877
651477600	236	2.21940355879389
651481200	236	3.12313555822101
651484800	236	3.6064837575998
651488400	236	4.01341413565236
651492000	236	4.57447351993865
651495600	236	4.79992392630746
651499200	236	2.94562241000819
651502800	236	3.69436528129949
651506400	236	3.63249534665669
651510000	236	3.00103509657616
651513600	236	1.76331917946126
651517200	236	0.776632474567768
651520800	236	-1.37121887683726
651524400	236	-1.25142451170378
651528000	236	-1.21278015425193
651531600	236	-0.92379843504365
651535200	236	-0.360666542860964
651538800	236	0.0417075234633564
651542400	237	1.93402921138655
651546000	237	2.13491179468075
651549600	237	1.77153950215629
651553200	237	1.35107624633041
651556800	237	0.848831650581525
651560400	237	0.567255845998512
651564000	237	-1.11886776338032
651567600	237	-0.340468486824246
651571200	237	0.0718543927076594
651574800	237	0.459024056137932
651578400	237	0.183030719824185
651582000	237	0.0328686743589779
651585600	237	-0.563618706161621
651589200	237	-0.280244339869038
651592800	237	-0.0631715176961768
651596400	237	0.165752313801672
651600000	237	0.10985565595831
651603600	237	0.0529715132769056
651607200	237	1.03256432063446
651610800	237	1.06768593241088
651614400	237	1.32059730991604
651618000	237	1.27149173539809
651621600	237	1.31153737185839
651625200	237	1.4303908274193
651628800	238	2.80003283938013
651632400	238	3.17048760773602
651636000	238	2.81674737543949
651639600	238	1.83684671815387
651643200	238	1.05680053541772
651646800	238	0.694675443979273
651650400	238	0.0882044459097851
651654000	238	1.62742871564684
651657600	238	2.07172007662392
651661200	238	2.03491761336909
651664800	238	2.09355345927704
651668400	238	2.11830345433179
651672000	238	-0.669640340744304
651675600	238	0.658256592523081
651679200	238	0.964081306275452
651682800	238	1.27658285351857
651686400	238	1.8115923489476
651690000	238	2.34479374529186
651693600	238	1.53535348895502
651697200	238	2.90146920752821
651700800	238	3.465540322117
651704400	238	3.55558196772461
651708000	238	3.6460935985315
651711600	238	3.69937915065535
651715200	239	5.40755886999714
651718800	239	4.47203353154834
651722400	239	4.44624149316476
651726000	239	5.03519914499954
651729600	239	5.51312383470209
651733200	239	5.63940410237306
651736800	239	3.50859722641439
651740400	239	3.88435913139595
651744000	239	3.52705894642356
651747600	239	2.9446851058119
651751200	239	2.25785318128747
651754800	239	1.58819596759536
651758400	239	1.36713320929295
651762000	239	1.0034850946259
651765600	239	0.781468112560012
651769200	239	0.677012018602823
651772800	239	0.617583030153563
651776400	239	0.613621338475759
651780000	239	0.246898434537684
651783600	239	0.416848877065059
651787200	239	0.702404569297916
651790800	239	1.47241339794439
651794400	239	2.21626401904592
651798000	239	2.50190971461044
651801600	240	2.96885194372549
651805200	240	2.67326282355732
651808800	240	2.77204511742343
651812400	240	2.86311152210002
651816000	240	2.48709191193788
651819600	240	1.74986645310941
651823200	240	1.01482818934043
651826800	240	0.435379035717905
651830400	240	-0.222199062674146
651834000	240	-0.927174458719052
651837600	240	-1.2570698945835
651841200	240	-1.48159264045101
651844800	240	-2.27526768080501
651848400	240	-1.93758152559324
651852000	240	-1.93157691552034
651855600	240	-2.03039261927976
651859200	240	-2.01803986556911
651862800	240	-1.99786298132554
651866400	240	-1.72216654858163
651870000	240	-1.97803902023546
651873600	240	-2.05875210843318
651877200	240	-1.70213541802549
651880800	240	-1.46228478972638
651884400	240	-1.66957695063378
651888000	241	-2.31217974203421
651891600	241	-1.48918891157598
651895200	241	-1.28339162663935
651898800	241	-1.2993113378706
651902400	241	-1.71703907266891
651906000	241	-1.99853078725482
651909600	241	-2.55765126626037
651913200	241	-3.35357028290909
651916800	241	-3.47724860283225
651920400	241	-3.20356341209834
651924000	241	-2.82694365531004
651927600	241	-2.49380000954733
651931200	241	-0.702573127530209
651934800	241	-1.12550208762204
651938400	241	-1.37412703131914
651942000	241	-1.47916536244951
651945600	241	-1.54723310513581
651949200	241	-1.57608197114863
651952800	241	-1.22238195131519
651956400	241	-1.54161444002602
651960000	241	-1.74233866078545
651963600	241	-1.9864367403308
651967200	241	-1.90854624485215
651970800	241	-1.91740727094154
651974400	242	-2.4582572713897
651978000	242	-2.51221911320048
651981600	242	-2.520554821123
651985200	242	-2.46416122477641
651988800	242	-2.58873905774789
651992400	242	-2.52756296302373
651996000	242	-3.50494798284476
651999600	242	-3.61819365811025
652003200	242	-3.36524887695096
652006800	242	-3.05266006125462
652010400	242	-2.87145378941586
652014000	242	-2.68693664605828
652017600	242	-2.0953622811591
652021200	242	-2.24138160884632
652024800	242	-2.11874855251601
652028400	242	-2.01942073251707
652032000	242	-2.01198327930889
652035600	242	-1.98566133339344
652039200	242	-1.59302190068165
652042800	242	-2.07077106507037
652046400	242	-2.00205228801643
652050000	242	-1.67319132113306
652053600	242	-1.2696697536198
652057200	242	-0.860869970175742
652060800	243	-0.713722998825408
652064400	243	-1.07298945204593
652068000	243	-1.05420903492844
652071600	243	-0.802743994300987
652075200	243	-1.00173057393174
652078800	243	-1.10928146404066
652082400	243	-0.6989255624168
652086000	243	-1.34289890596771
652089600	243	-1.3559556322805
652093200	243	-1.189894741288
652096800	243	-1.1428679701947
652100400	243	-1.1852198293422
652104000	243	-2.83868998085061
652107600	243	-2.47300345947281
652111200	243	-2.50244534564458
652114800	243	-2.2837163573348
652118400	243	-1.86203513111683
652122000	243	-1.57076715381547
652125600	243	-1.46074332433931
652129200	243	-1.49658993184002
652132800	243	-1.58640319360165
652136400	243	-1.6973046738716
652140000	243	-1.49167703873669
652143600	243	-1.19307663078422
