Unix	jday	Specific_humidity
804556800	182	0.00389391127731992
804560400	182	0.0041304221742096
804564000	182	0.00421947821548254
804567600	182	0.00429119674101491
804571200	182	0.00412503020766494
804574800	182	0.00394673255026455
804578400	182	0.00393897078070657
804582000	182	0.00377078016077926
804585600	182	0.00343430462372749
804589200	182	0.0033172505987845
804592800	182	0.00337565432057042
804596400	182	0.0034324827505673
804600000	182	0.00351108197041821
804603600	182	0.0037005126846346
804607200	182	0.00368130456094275
804610800	182	0.00362413631809874
804614400	182	0.00352260464878217
804618000	182	0.0034146557035602
804621600	182	0.00345312276126635
804625200	182	0.00330051914556296
804628800	182	0.00305866091923412
804632400	182	0.00315497595561215
804636000	182	0.00369208310917018
804639600	182	0.0042216390804525
804643200	183	0.00427859065679909
804646800	183	0.00433131187916012
804650400	183	0.00436808750726139
804654000	183	0.00432793525284831
804657600	183	0.00374743848289296
804661200	183	0.003280516180002
804664800	183	0.00326909863202201
804668400	183	0.00334012601643478
804672000	183	0.00367156979525438
804675600	183	0.00436540229906368
804679200	183	0.00451119262482816
804682800	183	0.00457184083016673
804686400	183	0.00469243320523257
804690000	183	0.00474875644687703
804693600	183	0.00476434364326756
804697200	183	0.00478090143771424
804700800	183	0.00483415484489498
804704400	183	0.00490420982117186
804708000	183	0.00509608764466987
804711600	183	0.00509159115225468
804715200	183	0.00512494540656918
804718800	183	0.00525138553822939
804722400	183	0.00555692764595413
804726000	183	0.00604126561531452
804729600	184	0.00568687410333677
804733200	184	0.00541614353722703
804736800	184	0.00539515269243118
804740400	184	0.00541542722287087
804744000	184	0.0054438594358064
804747600	184	0.00545561725041672
804751200	184	0.00536552725338913
804754800	184	0.00548872598407994
804758400	184	0.00553669010402066
804762000	184	0.00555133839472717
804765600	184	0.00554436413522098
804769200	184	0.00554469364870337
804772800	184	0.00537670882324256
804776400	184	0.00539961849214627
804780000	184	0.00531050636064179
804783600	184	0.00521672818865166
804787200	184	0.00505217969580433
804790800	184	0.00492515899310798
804794400	184	0.00483812801108412
804798000	184	0.00484520133751184
804801600	184	0.00478149885614007
804805200	184	0.00476745892877201
804808800	184	0.00488758851278262
804812400	184	0.00506107706155397
804816000	185	0.0049973785079885
804819600	185	0.00489799114017771
804823200	185	0.00489193048589433
804826800	185	0.00488465775987442
804830400	185	0.00486415298776645
804834000	185	0.00483255598651074
804837600	185	0.00487078998836409
804841200	185	0.00492362509532644
804844800	185	0.00498113806669992
804848400	185	0.00500752183782587
804852000	185	0.00500754035527505
804855600	185	0.00502454625720871
804859200	185	0.00507058550875534
804862800	185	0.00500153653368489
804866400	185	0.00501931541499941
804870000	185	0.00506749675597517
804873600	185	0.00515416753975345
804877200	185	0.00514265563439796
804880800	185	0.00532743075677579
804884400	185	0.00521149839928053
804888000	185	0.00515538952556946
804891600	185	0.00523911853122154
804895200	185	0.00528079851456728
804898800	185	0.0053847284048172
804902400	186	0.00499381214284469
804906000	186	0.00487377347682711
804909600	186	0.00477480651705309
804913200	186	0.00469268427605149
804916800	186	0.00454127725618041
804920400	186	0.00446768573709688
804924000	186	0.00457915249884845
804927600	186	0.00458115506921088
804931200	186	0.00459878732983368
804934800	186	0.00462375582508039
804938400	186	0.00467527978371446
804942000	186	0.0047241389151108
804945600	186	0.00478664194941778
804949200	186	0.00484906918925062
804952800	186	0.00485968389173016
804956400	186	0.00488083817489412
804960000	186	0.00484759111492885
804963600	186	0.00479938139139495
804967200	186	0.00480470812839277
804970800	186	0.00471450557333565
804974400	186	0.00494371767392357
804978000	186	0.00516517990046016
804981600	186	0.00553097683784731
804985200	186	0.00593688893796769
804988800	187	0.00558641113380684
804992400	187	0.00540460051697255
804996000	187	0.00529848472921354
804999600	187	0.00520183018432649
805003200	187	0.00509320950650539
805006800	187	0.0049925076900014
805010400	187	0.00447963456778981
805014000	187	0.00454650389068402
805017600	187	0.00423764489357002
805021200	187	0.00392289656726814
805024800	187	0.00383554372427754
805028400	187	0.00376631221059613
805032000	187	0.00373949558563781
805035600	187	0.00385077092620967
805039200	187	0.00394872580314134
805042800	187	0.00398471121545358
805046400	187	0.00399404605731226
805050000	187	0.00399313969264488
805053600	187	0.00419446722575406
805057200	187	0.00420050584445393
805060800	187	0.00420127716029918
805064400	187	0.00427472565518736
805068000	187	0.00456533837787394
805071600	187	0.00481280847250471
805075200	188	0.00455891690005632
805078800	188	0.00446701883320902
805082400	188	0.00444567466051803
805086000	188	0.00440289358562552
805089600	188	0.00425298366280208
805093200	188	0.00409950418465951
805096800	188	0.00405504121318497
805100400	188	0.0041116138745997
805104000	188	0.00408455408079651
805107600	188	0.00399140449932918
805111200	188	0.00389593129918561
805114800	188	0.00380199811647346
805118400	188	0.00383909740976964
805122000	188	0.00391888574070942
805125600	188	0.00403510887599393
805129200	188	0.00417530651434803
805132800	188	0.00431317902831501
805136400	188	0.00441189832412922
805140000	188	0.00438921763105872
805143600	188	0.00461633658061458
805147200	188	0.00468426829547916
805150800	188	0.00481952246051657
805154400	188	0.00500550657375709
805158000	188	0.00524921635166645
805161600	189	0.0051771424755785
805165200	189	0.00502063379459405
805168800	189	0.00502290016210112
805172400	189	0.00501347659430321
805176000	189	0.0050064069610321
805179600	189	0.00491687815170658
805183200	189	0.00507490004915751
805186800	189	0.00502894365504929
805190400	189	0.00496068915792759
805194000	189	0.00490731507540168
805197600	189	0.00484622313670305
805201200	189	0.0047936280445996
805204800	189	0.00448302564868483
805208400	189	0.00454642530322046
805212000	189	0.00455333027602297
805215600	189	0.00451482603750918
805219200	189	0.00446211622487787
805222800	189	0.00441619440841434
805226400	189	0.00385477087617251
805230000	189	0.00425356059524175
805233600	189	0.00426654914522255
805237200	189	0.00436594644780404
805240800	189	0.00467122251000886
805244400	189	0.00487891098928005
805248000	190	0.0048329294690296
805251600	190	0.00467580899107733
805255200	190	0.0046707904071813
805258800	190	0.00467723235079763
805262400	190	0.00458567870689054
805266000	190	0.00438836680219433
805269600	190	0.00450806043421177
805273200	190	0.00455316363649768
805276800	190	0.00465719820260532
805280400	190	0.00479495842130592
805284000	190	0.00490774635050214
805287600	190	0.00499316321110726
805291200	190	0.00484920821229449
805294800	190	0.00490883543285831
805298400	190	0.00477361141069585
805302000	190	0.00464603031311148
805305600	190	0.00448200979525716
805309200	190	0.00429578034258507
805312800	190	0.00407979250074186
805316400	190	0.00426098793178559
805320000	190	0.00424787854457278
805323600	190	0.00432977701175711
805327200	190	0.0045217519788672
805330800	190	0.00469734475665465
805334400	191	0.00469630656467015
805338000	191	0.00453256692618854
805341600	191	0.00440053481024274
805345200	191	0.00421883934163159
805348800	191	0.00401610909158614
805352400	191	0.00374347051624
805356000	191	0.00371357339027008
805359600	191	0.00371718440174015
805363200	191	0.00369070333178231
805366800	191	0.00380788356148208
805370400	191	0.00387157756866935
805374000	191	0.0039348054134046
805377600	191	0.00388039635477903
805381200	191	0.00391420718688873
805384800	191	0.00395707481096577
805388400	191	0.00403446763469236
805392000	191	0.00407213962097752
805395600	191	0.00413573296475203
805399200	191	0.00438833209333412
805402800	191	0.00443807047643762
805406400	191	0.00443583096683696
805410000	191	0.00462493477298288
805413600	191	0.00476754839695667
805417200	191	0.00494340627772254
805420800	192	0.00474945812047717
805424400	192	0.00472006847099931
805428000	192	0.00472438271756636
805431600	192	0.0046597867966216
805435200	192	0.00399356129094647
805438800	192	0.0031523994941178
805442400	192	0.00375928103711432
805446000	192	0.00403655604753287
805449600	192	0.00402947449061568
805453200	192	0.00389640326738822
805456800	192	0.00368561723353743
805460400	192	0.00342748657863451
805464000	192	0.00326640244588624
805467600	192	0.0030685610802726
805471200	192	0.00285768091997309
805474800	192	0.00281701964322977
805478400	192	0.00293328285101345
805482000	192	0.00315759557332333
805485600	192	0.00333427081695037
805489200	192	0.00366479244711009
805492800	192	0.00393332847254827
805496400	192	0.00441839477823883
805500000	192	0.00482142064133738
805503600	192	0.00518706742100928
805507200	193	0.00529610795192477
805510800	193	0.00547055104189671
805514400	193	0.0056767279984468
805518000	193	0.00583438367822626
805521600	193	0.0059412110747553
805525200	193	0.00598503386230964
805528800	193	0.00566753102249948
805532400	193	0.00582075492343969
805536000	193	0.00576998563979759
805539600	193	0.00560308130355982
805543200	193	0.00541469895715758
805546800	193	0.00523818985591219
805550400	193	0.0048037626178628
805554000	193	0.00498469145454265
805557600	193	0.00492581226591199
805561200	193	0.00486102943339499
805564800	193	0.0049881049874163
805568400	193	0.00499554650817331
805572000	193	0.00481996428135397
805575600	193	0.00497662754823006
805579200	193	0.00491401529781086
805582800	193	0.00504824192401515
805586400	193	0.00565887771236311
805590000	193	0.00601322878076
805593600	194	0.00583802098906268
805597200	194	0.00541131942113596
805600800	194	0.00545100449195755
805604400	194	0.00545729943986403
805608000	194	0.00538423854742221
805611600	194	0.00527654801968585
805615200	194	0.00508927891008365
805618800	194	0.00498698778051801
805622400	194	0.00491686339448691
805626000	194	0.00487474916592761
805629600	194	0.00485175538426965
805633200	194	0.00483762787928841
805636800	194	0.00493184456783225
805640400	194	0.00488880571768706
805644000	194	0.00486267263654347
805647600	194	0.00492580242751973
805651200	194	0.00503773541847681
805654800	194	0.00508312454083404
805658400	194	0.00519609851070699
805662000	194	0.00522242002834316
805665600	194	0.00516338710303288
805669200	194	0.00506151247615946
805672800	194	0.00521958241947111
805676400	194	0.00547269035628601
805680000	195	0.00531886809501438
805683600	195	0.00522618697103599
805687200	195	0.00527228339151816
805690800	195	0.00529263474199896
805694400	195	0.00527103339114358
805698000	195	0.0052073544627386
805701600	195	0.00503570956193118
805705200	195	0.0050028765195092
805708800	195	0.00518427093955731
805712400	195	0.00523564655240506
805716000	195	0.00524586404200397
805719600	195	0.0052850567560476
805723200	195	0.00532026450754226
805726800	195	0.00539768551427657
805730400	195	0.00545112882606902
805734000	195	0.00548901949252315
805737600	195	0.00549381720011763
805741200	195	0.00551537237312055
805744800	195	0.00553350493338016
805748400	195	0.0055044388795142
805752000	195	0.00540459893082615
805755600	195	0.0052779032161397
805759200	195	0.00535992903308776
805762800	195	0.00546677898144012
805766400	196	0.00530375432111886
805770000	196	0.00497343378301157
805773600	196	0.00492233328252231
805777200	196	0.00487358827866341
805780800	196	0.00485865958344473
805784400	196	0.00485429414267931
805788000	196	0.00478326220228567
805791600	196	0.00493379444193403
805795200	196	0.00499100482951906
805798800	196	0.00501680305507436
805802400	196	0.00505194941492164
805806000	196	0.0050886137863627
805809600	196	0.00519512661883476
805813200	196	0.00524286216559845
805816800	196	0.00527143314322482
805820400	196	0.00534051603528496
805824000	196	0.00536612224900341
805827600	196	0.00532584750125831
805831200	196	0.00528287502758272
805834800	196	0.00521743814595219
805838400	196	0.00520775468171061
805842000	196	0.00526135368719948
805845600	196	0.00529318888818755
805849200	196	0.00528607881277906
805852800	197	0.00503748369767746
805856400	197	0.00473860825919048
805860000	197	0.00470239084316304
805863600	197	0.00470227020635283
805867200	197	0.00469542852011417
805870800	197	0.00466288115336022
805874400	197	0.00450565406252151
805878000	197	0.00448199268909014
805881600	197	0.00438745368707781
805885200	197	0.00428293104705916
805888800	197	0.00437719152413329
805892400	197	0.00450483550521361
805896000	197	0.00470283673515124
805899600	197	0.00468859621632631
805903200	197	0.00447832284356276
805906800	197	0.00427693228957972
805910400	197	0.004102871205487
805914000	197	0.00392208980299077
805917600	197	0.00385633577691992
805921200	197	0.00374274573264404
805924800	197	0.00364705837084142
805928400	197	0.00359444526673479
805932000	197	0.00366201033123839
805935600	197	0.00371287340523921
805939200	198	0.00378911316688716
805942800	198	0.00379969462711068
805946400	198	0.00385030396516288
805950000	198	0.00392154931045295
805953600	198	0.00389659119894362
805957200	198	0.00381597995121
805960800	198	0.00379373257625697
805964400	198	0.00374952762516169
805968000	198	0.00375597082661522
805971600	198	0.00375306868024086
805975200	198	0.00369933119178175
805978800	198	0.00362496100949273
805982400	198	0.00352555973757189
805986000	198	0.00336778943806559
805989600	198	0.00322828913022129
805993200	198	0.00312312829627067
805996800	198	0.00302506359027316
806000400	198	0.00291601565635913
806004000	198	0.00297636620259979
806007600	198	0.00273535947328996
806011200	198	0.00258542684044437
806014800	198	0.00261594960588763
806018400	198	0.00298772534574781
806022000	198	0.00335428586118966
806025600	199	0.00362668148511459
806029200	199	0.00383888615897276
806032800	199	0.00389810653416126
806036400	199	0.00392224157386242
806040000	199	0.0036908305366165
806043600	199	0.00355048077085787
806047200	199	0.0037169120394427
806050800	199	0.00381501189163073
806054400	199	0.00389533882251459
806058000	199	0.0036911125725755
806061600	199	0.00358488112021028
806065200	199	0.00354299456280495
806068800	199	0.00352888186035485
806072400	199	0.0035462965393027
806076000	199	0.00354314969129529
806079600	199	0.0035642433017038
806083200	199	0.00378598557336601
806086800	199	0.00391328312467821
806090400	199	0.00416521267182897
806094000	199	0.00441628495795284
806097600	199	0.00455855658065185
806101200	199	0.0046942642179837
806104800	199	0.00487876943431063
806108400	199	0.00509109155715644
806112000	200	0.0052087519022622
806115600	200	0.00515690518047124
806119200	200	0.00517567812545949
806122800	200	0.00516066999738726
806126400	200	0.00504157027152149
806130000	200	0.00490644134344678
806133600	200	0.00500348096473033
806137200	200	0.00494549473513507
806140800	200	0.00489074445598444
806144400	200	0.00483764019600029
806148000	200	0.00481573773058953
806151600	200	0.00481555012263213
806155200	200	0.00495024896269631
806158800	200	0.00483348333859
806162400	200	0.00479449899301719
806166000	200	0.00477311129790763
806169600	200	0.004767575189919
806173200	200	0.0047640123175125
806176800	200	0.00474817773465886
806180400	200	0.00475657371773636
806184000	200	0.00475361437074403
806187600	200	0.00492308660067806
806191200	200	0.00523063257617636
806194800	200	0.0055960884425511
806198400	201	0.00567428973991648
806202000	201	0.00544994365092702
806205600	201	0.00535945390765457
806209200	201	0.00521496176198454
806212800	201	0.00510044558112796
806216400	201	0.00459606455671076
806220000	201	0.00391928338939364
806223600	201	0.00438739127429022
806227200	201	0.00464448199659477
806230800	201	0.00461463056846965
806234400	201	0.00448325832054927
806238000	201	0.00439493066111312
806241600	201	0.00471596408817945
806245200	201	0.00442333394214391
806248800	201	0.00415344951556043
806252400	201	0.00386713366484758
806256000	201	0.00361060024566268
806259600	201	0.00339983854564879
806263200	201	0.00294530769905621
806266800	201	0.00302914919480978
806270400	201	0.00311038963288638
806274000	201	0.00328924835405235
806277600	201	0.00358049676548187
806281200	201	0.00387627906667871
806284800	202	0.0040329169737989
806288400	202	0.00404924432197536
806292000	202	0.00410322595436682
806295600	202	0.00406061891224843
806299200	202	0.00361507124930953
806302800	202	0.00301781711388043
806306400	202	0.0034553185828938
806310000	202	0.00365732320429508
806313600	202	0.00380758996458406
806317200	202	0.00379486183727111
806320800	202	0.00372931210955188
806324400	202	0.00367034206520762
806328000	202	0.00380823382422087
806331600	202	0.0038622218159428
806335200	202	0.00387831569916232
806338800	202	0.00388666586244129
806342400	202	0.00383817535241424
806346000	202	0.00355721938156223
806349600	202	0.00404475085814611
806353200	202	0.00421471885437905
806356800	202	0.00431781343816657
806360400	202	0.00439010776833549
806364000	202	0.00444723548055093
806367600	202	0.0045209163752673
806371200	203	0.00466935201680766
806374800	203	0.00467646512823596
806378400	203	0.00468072529586576
806382000	203	0.00466757391792318
806385600	203	0.00460892049277333
806389200	203	0.00446009426013278
806392800	203	0.00432669702422897
806396400	203	0.00401971219832658
806400000	203	0.00377891853458262
806403600	203	0.00357663682781433
806407200	203	0.0035119513541625
806410800	203	0.00345986929324991
806414400	203	0.00346470667927392
806418000	203	0.00343891104081523
806421600	203	0.00341552252285165
806425200	203	0.00350929634568454
806428800	203	0.00371487850832896
806432400	203	0.00385189648853886
806436000	203	0.00337770075832771
806439600	203	0.00363088447147429
806443200	203	0.00371418961041748
806446800	203	0.00368578287175804
806450400	203	0.00384459454374836
806454000	203	0.00402888447302105
806457600	204	0.00427058956091058
806461200	204	0.00438334426161688
806464800	204	0.00448187807715406
806468400	204	0.00448715336210208
806472000	204	0.00437180595679966
806475600	204	0.00417754090401613
806479200	204	0.00407617412096375
806482800	204	0.00404818846810512
806486400	204	0.0040114459112093
806490000	204	0.00399328470812695
806493600	204	0.00397470295385385
806497200	204	0.00396468359489412
806500800	204	0.00408499049244811
806504400	204	0.00406766954022273
806508000	204	0.00402344596441051
806511600	204	0.00400865840390637
806515200	204	0.00397121173260432
806518800	204	0.00395233543930097
806522400	204	0.00401819126508668
806526000	204	0.00404932121723614
806529600	204	0.00400942762503017
806533200	204	0.0040615866952869
806536800	204	0.00424939946422948
806540400	204	0.00440485808143622
806544000	205	0.00442978779249358
806547600	205	0.00453906885256367
806551200	205	0.00460565077126059
806554800	205	0.0045931819352928
806558400	205	0.00429322462907065
806562000	205	0.00415945574015324
806565600	205	0.00467510409460384
806569200	205	0.0045228145937778
806572800	205	0.00445063934680002
806576400	205	0.00432881636692673
806580000	205	0.0042599683935862
806583600	205	0.00414588630226252
806587200	205	0.00413068741110439
806590800	205	0.00391637616176939
806594400	205	0.00361689433808377
806598000	205	0.00340483374997148
806601600	205	0.00330367118368135
806605200	205	0.00322125937320848
806608800	205	0.0032713451199177
806612400	205	0.00309620121841303
806616000	205	0.00294279974890733
806619600	205	0.00314069681509819
806623200	205	0.00357139216303578
806626800	205	0.0039427656113274
806630400	206	0.0039643689098356
806634000	206	0.00398263878221009
806637600	206	0.00401470588760147
806641200	206	0.00389035340966024
806644800	206	0.00378571382298407
806648400	206	0.00368979454179503
806652000	206	0.00382769738082608
806655600	206	0.00375027818771191
806659200	206	0.00361435646370236
806662800	206	0.00348179603060253
806666400	206	0.00342029913262458
806670000	206	0.00339242370641444
806673600	206	0.00348329046154383
806677200	206	0.00354167379595122
806680800	206	0.00357732839600146
806684400	206	0.00361578106119906
806688000	206	0.00368047829311183
806691600	206	0.00375665362645504
806695200	206	0.00385342183781341
806698800	206	0.00390594857692379
806702400	206	0.003927007160528
806706000	206	0.00410930490917393
806709600	206	0.00430006172653151
806713200	206	0.00437335000483571
806716800	207	0.00441235697660851
806720400	207	0.004500456540678
806724000	207	0.00454604822296196
806727600	207	0.00453319245455032
806731200	207	0.00425076327701345
806734800	207	0.00403786482545216
806738400	207	0.00442970269015227
806742000	207	0.00438042847687669
806745600	207	0.00452263772735119
806749200	207	0.00464459058211335
806752800	207	0.00457273064730348
806756400	207	0.00444510846991001
806760000	207	0.00434473327480698
806763600	207	0.00419724550577522
806767200	207	0.00406298465829143
806770800	207	0.00401115370985842
806774400	207	0.00392792899317154
806778000	207	0.00387887315718081
806781600	207	0.00375345591776872
806785200	207	0.00347388670822676
806788800	207	0.00327228142409451
806792400	207	0.00334952790693958
806796000	207	0.00358594718246273
806799600	207	0.00384155458562034
806803200	208	0.00397739782668042
806806800	208	0.00408285329027008
806810400	208	0.00413692479620152
806814000	208	0.00401500946120806
806817600	208	0.0037967528269487
806821200	208	0.00365893821639196
806824800	208	0.00366842779281132
806828400	208	0.00369807015322027
806832000	208	0.0037567331737688
806835600	208	0.00387140333329828
806839200	208	0.0038826891457212
806842800	208	0.00379306073666843
806846400	208	0.00376711222117857
806850000	208	0.00371169795028853
806853600	208	0.00370700299428055
806857200	208	0.00375191285682601
806860800	208	0.00384402257293247
806864400	208	0.00390579306311709
806868000	208	0.00423636617868195
806871600	208	0.00419844982813871
806875200	208	0.0041076450177591
806878800	208	0.00406600352570572
806882400	208	0.00422666403158836
806886000	208	0.00439406826576929
806889600	209	0.00424508808079484
806893200	209	0.00435622864627579
806896800	209	0.00437721319124924
806900400	209	0.00430095889981684
806904000	209	0.00392721350696986
806907600	209	0.00341030494549522
806911200	209	0.00312411571740009
806914800	209	0.00288675654805422
806918400	209	0.00330217157699116
806922000	209	0.00370473852653881
806925600	209	0.00363651058472587
806929200	209	0.00351005110844423
806932800	209	0.0033467563172993
806936400	209	0.00325803139004161
806940000	209	0.00315467587824231
806943600	209	0.00302117732133661
806947200	209	0.00288140164071825
806950800	209	0.00276275808887024
806954400	209	0.00280210107727939
806958000	209	0.00268863789696714
806961600	209	0.00267405355104338
806965200	209	0.00280592649113954
806968800	209	0.00310544797479337
806972400	209	0.00339618706933603
806976000	210	0.00385478026867962
806979600	210	0.00396053626836648
806983200	210	0.00399054258485266
806986800	210	0.00378053463425174
806990400	210	0.00346544891973285
806994000	210	0.00310128487293024
806997600	210	0.00309243312006309
807001200	210	0.00291118499253208
807004800	210	0.00275466908070175
807008400	210	0.00264922400190157
807012000	210	0.00260495674704708
807015600	210	0.00257338283405796
807019200	210	0.00245898268463422
807022800	210	0.00247558399133368
807026400	210	0.00242739349581877
807030000	210	0.00236596652375537
807033600	210	0.00235619435466427
807037200	210	0.00235114362825725
807040800	210	0.00281396601871736
807044400	210	0.00264597343493812
807048000	210	0.0025141961141776
807051600	210	0.00266406113398939
807055200	210	0.00303229467980986
807058800	210	0.00347938883718029
807062400	211	0.00440692388524052
807066000	211	0.00400581706246888
807069600	211	0.00411724632504667
807073200	211	0.00408994384762977
807076800	211	0.00424320052730803
807080400	211	0.00374545936054707
807084000	211	0.00351005429136143
807087600	211	0.00361157834470478
807091200	211	0.00377499638827939
807094800	211	0.00382737397691151
807098400	211	0.00381462203755512
807102000	211	0.00378629338022854
807105600	211	0.0036265581114594
807109200	211	0.00355185029914336
807112800	211	0.00347930359667993
807116400	211	0.00340486131285289
807120000	211	0.00331657145435967
807123600	211	0.00324132210277321
807127200	211	0.00340972440043413
807130800	211	0.00329414711476477
807134400	211	0.0032095512960364
807138000	211	0.00336816753526181
807141600	211	0.00361014112684739
807145200	211	0.00374075693746998
807148800	212	0.0040416744467136
807152400	212	0.00404125865975906
807156000	212	0.00408276684029042
807159600	212	0.00400627352394434
807163200	212	0.00350756064628485
807166800	212	0.0033021766285839
807170400	212	0.00256573942932142
807174000	212	0.00274936347597109
807177600	212	0.00303690776868789
807181200	212	0.00325189144117925
807184800	212	0.00329147096090114
807188400	212	0.00332684877100389
807192000	212	0.00358649306408898
807195600	212	0.00365901098198195
807199200	212	0.003732518281156
807202800	212	0.00375175377747891
807206400	212	0.00367009895572136
807210000	212	0.00352117600602809
807213600	212	0.00372028782203983
807217200	212	0.00351883040379753
807220800	212	0.00330094114713777
807224400	212	0.00343777495405582
807228000	212	0.00390691949025494
807231600	212	0.0042297414133038
