Unix	jday	Downward_Long-Wave_Rad_Flux
704678400	122	276.238580807068
704682000	122	277.645818882363
704685600	122	278.428628479996
704689200	122	278.634295326444
704692800	122	278.433006313294
704696400	122	277.795564468839
704700000	122	272.76824273133
704703600	122	272.052116505067
704707200	122	277.477650887773
704710800	122	282.94121516319
704714400	122	286.928394067184
704718000	122	290.494816620168
704721600	122	314.009181629224
704725200	122	313.621530575596
704728800	122	315.79485944613
704732400	122	316.235221588501
704736000	122	317.182773985735
704739600	122	318.172280139893
704743200	122	333.009317266603
704746800	122	333.184664486811
704750400	122	334.964408765817
704754000	122	335.476172321352
704757600	122	336.532444466799
704761200	122	337.776871187919
704764800	123	337.616403532902
704768400	123	338.390476680394
704772000	123	327.747601365912
704775600	123	317.674586770115
704779200	123	312.557706354034
704782800	123	309.256408560876
704786400	123	312.965317519721
704790000	123	311.926903004493
704793600	123	312.285021940488
704797200	123	312.148184826568
704800800	123	314.372767996786
704804400	123	317.018230095579
704808000	123	303.504862485653
704811600	123	303.801199093714
704815200	123	287.531352485956
704818800	123	277.119398779188
704822400	123	271.320195135614
704826000	123	267.495631186035
704829600	123	248.804532492462
704833200	123	250.108359335188
704836800	123	250.658528196201
704840400	123	251.590246574913
704844000	123	253.835534992036
704847600	123	256.471579294433
704851200	124	275.457514689485
704854800	124	276.997385676776
704858400	124	278.57673639463
704862000	124	280.06530912935
704865600	124	280.921256634409
704869200	124	281.019482094278
704872800	124	274.290388243232
704876400	124	272.940363079509
704880000	124	272.413130606753
704883600	124	271.535083161795
704887200	124	270.67744228343
704890800	124	269.938614908635
704894400	124	265.906136475441
704898000	124	265.602679627623
704901600	124	266.032733197228
704905200	124	266.067857343476
704908800	124	265.465904674122
704912400	124	264.772340926131
704916000	124	257.386926194382
704919600	124	258.024501998634
704923200	124	258.280624533043
704926800	124	259.266141586625
704930400	124	261.321967900622
704934000	124	263.284677340917
704937600	125	277.846410084346
704941200	125	278.422607592657
704944800	125	279.09127144292
704948400	125	279.213710693209
704952000	125	278.814430189195
704955600	125	277.811113935628
704959200	125	259.196355143093
704962800	125	257.661897463584
704966400	125	257.675667487215
704970000	125	257.542239767052
704973600	125	257.44639114189
704977200	125	257.305566273973
704980800	125	261.564382914429
704984400	125	259.868228515973
704988000	125	261.767972059742
704991600	125	262.219199113865
704995200	125	262.382823378025
704998800	125	262.557362684212
705002400	125	260.744212838011
705006000	125	261.236932032564
705009600	125	260.904066702608
705013200	125	261.75602360227
705016800	125	264.009587323515
705020400	125	266.719060758282
705024000	126	289.250774731204
705027600	126	291.355299930266
705031200	126	292.855972083907
705034800	126	293.459060734638
705038400	126	293.374252310349
705042000	126	292.390954600828
705045600	126	271.645829410218
705049200	126	269.767468995182
705052800	126	269.187436167275
705056400	126	268.262485910494
705060000	126	267.351829876903
705063600	126	266.566650244893
705067200	126	263.843711899534
705070800	126	262.611535531849
705074400	126	262.722099234121
705078000	126	262.106443945229
705081600	126	261.482183212712
705085200	126	261.22245273765
705088800	126	275.346175280814
705092400	126	275.49048810611
705096000	126	283.823458135184
705099600	126	289.763977043634
705103200	126	291.703488666876
705106800	126	292.741026735772
705110400	127	305.311730418243
705114000	127	307.73008081497
705117600	127	310.9177281166
705121200	127	315.500600047115
705124800	127	317.703699684916
705128400	127	318.70414822345
705132000	127	331.847060672596
705135600	127	329.775875764009
705139200	127	337.297898596583
705142800	127	339.398578599613
705146400	127	341.395529235952
705150000	127	342.919076662791
705153600	127	346.679672776405
705157200	127	346.410103239241
705160800	127	345.09630444899
705164400	127	343.236059701949
705168000	127	341.363650984583
705171600	127	339.737044490784
705175200	127	332.625357314735
705178800	127	332.259246550409
705182400	127	332.093087001893
705186000	127	331.442098370878
705189600	127	330.023520963459
705193200	127	327.915735403174
705196800	128	304.665442633427
705200400	128	305.297440940658
705204000	128	310.738813281761
705207600	128	317.628142479262
705211200	128	321.386651981668
705214800	128	323.434297850407
705218400	128	331.304790439831
705222000	128	331.176415935109
705225600	128	328.036252651445
705229200	128	325.272189084355
705232800	128	321.077476851173
705236400	128	312.659334867835
705240000	128	246.796327955997
705243600	128	245.767528703233
705247200	128	272.022205604705
705250800	128	286.952109551616
705254400	128	295.106592917705
705258000	128	300.133965806506
705261600	128	288.957818587952
705265200	128	288.960984024361
705268800	128	288.918501173537
705272400	128	287.767294448567
705276000	128	285.755469629368
705279600	128	286.281873866598
705283200	129	295.926330454468
705286800	129	297.386370831376
705290400	129	308.256167373651
705294000	129	311.338041835179
705297600	129	312.329467514004
705301200	129	312.52321749451
705304800	129	309.175995410411
705308400	129	310.087400227649
705312000	129	307.33392649414
705315600	129	307.65867778099
705319200	129	309.356982902372
705322800	129	311.289874754397
705326400	129	328.019805016383
705330000	129	327.088641470531
705333600	129	326.55985042309
705337200	129	324.561556022726
705340800	129	320.732949918707
705344400	129	319.584771272858
705348000	129	322.939810254348
705351600	129	322.313602281706
705355200	129	319.250761782958
705358800	129	318.374020779248
705362400	129	318.218356479482
705366000	129	318.461552534553
705369600	130	323.082788009489
705373200	130	324.067619689932
705376800	130	322.990710795763
705380400	130	325.498936696346
705384000	130	327.321206078219
705387600	130	329.067726103969
705391200	130	340.667755253202
705394800	130	340.974724164801
705398400	130	342.010210327718
705402000	130	342.353259784915
705405600	130	342.240840959641
705409200	130	341.850598430012
705412800	130	343.642842233386
705416400	130	343.06440315932
705420000	130	343.728901174987
705423600	130	343.894252699052
705427200	130	343.885068919084
705430800	130	343.833780800145
705434400	130	341.175063337124
705438000	130	340.331237970329
705441600	130	339.382650020589
705445200	130	338.560527873206
705448800	130	337.937681211252
705452400	130	337.422953551435
705456000	131	331.740503619385
705459600	131	332.295396511858
705463200	131	332.393437902549
705466800	131	332.301708644977
705470400	131	331.851111391566
705474000	131	331.263966249381
705477600	131	330.090571441938
705481200	131	330.090189145968
705484800	131	329.919568803518
705488400	131	329.724187529364
705492000	131	329.933261840741
705495600	131	329.512371231217
705499200	131	320.151534942896
705502800	131	319.641270174441
705506400	131	315.338216776739
705510000	131	308.028758080194
705513600	131	298.085261644161
705517200	131	287.321296003586
705520800	131	239.101158225324
705524400	131	239.424890969844
705528000	131	238.178527713178
705531600	131	238.294567671158
705535200	131	240.18453037481
705538800	131	242.432727741805
705542400	132	261.322751475811
705546000	132	262.030420647916
705549600	132	264.299171692
705553200	132	272.565590025215
705556800	132	282.315515358053
705560400	132	288.520257237468
705564000	132	311.116402523031
705567600	132	310.188418054396
705571200	132	305.787369713917
705574800	132	300.458585682045
705578400	132	301.709113878493
705582000	132	305.353347607106
705585600	132	326.589014574614
705589200	132	326.707185002858
705592800	132	321.721669714323
705596400	132	317.652867972908
705600000	132	317.355912170598
705603600	132	317.831348685579
705607200	132	316.254189237461
705610800	132	316.722761809186
705614400	132	300.504713970648
705618000	132	300.615991291123
705621600	132	306.540179308207
705625200	132	310.463684893644
705628800	133	301.025554401651
705632400	133	302.921371951066
705636000	133	284.955573089164
705639600	133	277.520173912827
705643200	133	273.403710683062
705646800	133	270.392885505098
705650400	133	251.823811475287
705654000	133	252.323750495338
705657600	133	250.490165705563
705661200	133	249.709311339403
705664800	133	249.403637731895
705668400	133	249.335600841278
705672000	133	255.323719219707
705675600	133	254.66173095856
705679200	133	256.048127573852
705682800	133	255.734041810355
705686400	133	255.567566537419
705690000	133	255.436244425932
705693600	133	252.201336313593
705697200	133	251.96796072055
705700800	133	252.473487342868
705704400	133	252.930967527039
705708000	133	254.511514958218
705711600	133	256.644534479048
705715200	134	279.228641867932
705718800	134	280.720199294185
705722400	134	286.692916948241
705726000	134	291.108914366937
705729600	134	293.122921599191
705733200	134	294.492586317662
705736800	134	300.708169226685
705740400	134	299.563450153675
705744000	134	296.77574609018
705747600	134	293.657787143411
705751200	134	288.161871438246
705754800	134	284.047316956543
705758400	134	286.009241507816
705762000	134	286.179456046923
705765600	134	298.64536494752
705769200	134	305.527450104731
705772800	134	307.087247472604
705776400	134	306.29638144605
705780000	134	319.715879337934
705783600	134	321.259968908772
705787200	134	329.808672465372
705790800	134	330.270071345163
705794400	134	331.185344595117
705798000	134	335.151655919699
705801600	135	348.314565787831
705805200	135	351.954559349159
705808800	135	349.602788407577
705812400	135	350.085149542755
705816000	135	350.826286800503
705819600	135	351.047526493179
705823200	135	350.233341324736
705826800	135	349.794449132387
705830400	135	348.830145639759
705834000	135	349.602106767031
705837600	135	350.87249191576
705841200	135	351.556851791056
705844800	135	355.832770534375
705848400	135	354.244604813232
705852000	135	351.792345340444
705855600	135	349.197218615968
705859200	135	346.44475429301
705862800	135	343.235171794109
705866400	135	322.514239299727
705870000	135	322.667353094895
705873600	135	319.202495118401
705877200	135	314.944851331982
705880800	135	310.937285439826
705884400	135	308.85619240089
705888000	136	313.394511512517
705891600	136	314.113786516191
705895200	136	313.149095092652
705898800	136	320.120751214452
705902400	136	323.49995182568
705906000	136	325.418061792473
705909600	136	328.030694891243
705913200	136	328.138447939136
705916800	136	322.550648402448
705920400	136	317.062773654754
705924000	136	311.066940535049
705927600	136	304.889153613232
705931200	136	256.920276897593
705934800	136	256.009115954171
705938400	136	262.047329929644
705942000	136	268.333541967339
705945600	136	270.626570109333
705949200	136	269.455594377641
705952800	136	248.896986569834
705956400	136	247.716184745856
705960000	136	243.63943792272
705963600	136	241.648458615364
705967200	136	241.654719037816
705970800	136	242.560343515791
705974400	137	252.405624309817
705978000	137	254.170821280646
705981600	137	255.743959756443
705985200	137	257.175369046808
705988800	137	257.979296900548
705992400	137	257.95180770109
705996000	137	256.590249727191
705999600	137	256.04991939296
706003200	137	257.8618570896
706006800	137	259.384488340801
706010400	137	259.728798442494
706014000	137	258.603362876772
706017600	137	252.74404262924
706021200	137	252.173705979839
706024800	137	252.344023879786
706028400	137	253.446233344054
706032000	137	253.877657473613
706035600	137	254.914244692941
706039200	137	267.727473912516
706042800	137	268.55666014568
706046400	137	265.6135939853
706050000	137	273.574459137282
706053600	137	279.439502774796
706057200	137	281.030765391279
706060800	138	275.65951812231
706064400	138	275.427692149222
706068000	138	275.368608476368
706071600	138	272.257563834143
706075200	138	270.033652298236
706078800	138	268.255682473354
706082400	138	254.14593822144
706086000	138	253.545792299574
706089600	138	252.817972429536
706093200	138	252.633390480848
706096800	138	252.693696262657
706100400	138	252.926628828764
706104000	138	253.097781470689
706107600	138	253.07380572775
706111200	138	253.288024303143
706114800	138	253.511223070518
706118400	138	253.980190333924
706122000	138	254.818730214544
706125600	138	257.713469741001
706129200	138	258.397270937229
706132800	138	258.096366482115
706136400	138	259.912010588621
706140000	138	261.39847577639
706143600	138	263.281125209161
706147200	139	275.340833572259
706150800	139	276.227615910333
706154400	139	276.933538158593
706158000	139	277.419176704018
706161600	139	277.298028944357
706165200	139	276.319154996859
706168800	139	270.428824887725
706172400	139	269.536245878057
706176000	139	269.59501647654
706179600	139	269.735739049054
706183200	139	269.585115186049
706186800	139	269.509842019842
706190400	139	272.793699041807
706194000	139	272.722507553802
706197600	139	272.76499059785
706201200	139	272.360710056219
706204800	139	271.782117422217
706208400	139	271.599561290168
706212000	139	269.530970515331
706215600	139	270.320427641688
706219200	139	269.108465396998
706222800	139	268.413699984672
706226400	139	268.345238965049
706230000	139	268.797019016109
706233600	140	272.207162426122
706237200	140	273.174604358211
706240800	140	273.910757528893
706244400	140	274.289534004301
706248000	140	274.315961522301
706251600	140	273.643153983726
706255200	140	267.717207693129
706258800	140	266.256285718233
706262400	140	265.286332895343
706266000	140	264.430836683858
706269600	140	263.566745483121
706273200	140	263.53421732967
706276800	140	271.107618662135
706280400	140	271.984175660441
706284000	140	274.570931422329
706287600	140	280.850912255987
706291200	140	282.656838032048
706294800	140	283.476376282749
706298400	140	299.147351303948
706302000	140	300.834087519832
706305600	140	314.598648016411
706309200	140	309.865762592378
706312800	140	299.942553525302
706316400	140	290.573486802405
706320000	141	318.107733191442
706323600	141	316.307621828848
706327200	141	317.251107560495
706330800	141	316.339504303586
706334400	141	312.674804359606
706338000	141	307.651544815359
706341600	141	272.94443721776
706345200	141	272.394796129376
706348800	141	277.075140499981
706352400	141	283.361238480112
706356000	141	282.520916589824
706359600	141	281.006685776667
706363200	141	279.135969475902
706366800	141	279.477278111194
706370400	141	272.767106688154
706374000	141	261.239819063825
706377600	141	257.083944898025
706381200	141	256.550612354077
706384800	141	286.964722304809
706388400	141	288.469740486769
706392000	141	292.492907840101
706395600	141	292.385687738043
706399200	141	294.650676117584
706402800	141	297.53091504044
706406400	142	329.972475761012
706410000	142	329.386267442853
706413600	142	330.18747844258
706417200	142	330.266673980425
706420800	142	330.659742419267
706424400	142	330.707995932294
706428000	142	265.677159117306
706431600	142	264.203939965423
706435200	142	262.691301122064
706438800	142	261.509441138187
706442400	142	262.452897562884
706446000	142	267.208606187076
706449600	142	310.910814554101
706453200	142	310.73474279035
706456800	142	311.731924331356
706460400	142	309.503290470287
706464000	142	309.429068983927
706467600	142	310.262010872013
706471200	142	321.237334289418
706474800	142	321.000075259396
706478400	142	320.8944967921
706482000	142	320.743424379408
706485600	142	320.446866935379
706489200	142	319.938584157982
706492800	143	312.172901171681
706496400	143	313.028511213416
706500000	143	310.422683751822
706503600	143	303.133549554699
706507200	143	294.826291865306
706510800	143	285.372698080196
706514400	143	237.676676893943
706518000	143	238.261987285147
706521600	143	237.445545556654
706525200	143	237.48858697851
706528800	143	237.540599466347
706532400	143	237.674357416047
706536000	143	241.290542541444
706539600	143	241.192133776511
706543200	143	241.641614027974
706546800	143	241.902101781667
706550400	143	241.958925252931
706554000	143	241.920859156196
706557600	143	239.46514158068
706561200	143	239.604896053945
706564800	143	239.152962925246
706568400	143	239.129563288452
706572000	143	240.307685120864
706575600	143	242.153107421085
706579200	144	257.224790624183
706582800	144	258.867603117757
706586400	144	260.227788912811
706590000	144	261.51280723734
706593600	144	262.16871742217
706597200	144	262.022352779472
706600800	144	257.02410811567
706604400	144	256.246589699968
706608000	144	255.457082318051
706611600	144	254.391096884364
706615200	144	253.447662187817
706618800	144	252.595898153288
706622400	144	249.390286478842
706626000	144	249.443798976108
706629600	144	248.751627333552
706633200	144	248.121660080925
706636800	144	247.460278740226
706640400	144	246.782747494082
706644000	144	245.312462021657
706647600	144	245.581603240525
706651200	144	244.941348140945
706654800	144	244.901131880545
706658400	144	246.648248244856
706662000	144	248.973924779434
706665600	145	263.029910945628
706669200	145	264.567148426559
706672800	145	265.170914718685
706676400	145	265.622664862646
706680000	145	265.535713999434
706683600	145	264.676395841476
706687200	145	255.693594109467
706690800	145	254.99192880859
706694400	145	254.052449375011
706698000	145	253.233947834861
706701600	145	252.483826562678
706705200	145	251.788734746089
706708800	145	248.571907669542
706712400	145	248.067585414797
706716000	145	249.344406008845
706719600	145	250.043340809417
706723200	145	250.386196835469
706726800	145	250.526266189152
706730400	145	250.223750794034
706734000	145	249.861367406716
706737600	145	249.907332683119
706741200	145	250.158270844455
706744800	145	251.396607813836
706748400	145	253.307769731933
706752000	146	267.81812176299
706755600	146	268.712692730964
706759200	146	269.292961574926
706762800	146	272.046188031379
706766400	146	275.482758283246
706770000	146	276.819183930112
706773600	146	277.117710245478
706777200	146	276.649940662716
706780800	146	276.612743502763
706784400	146	279.533926875546
706788000	146	284.232539435598
706791600	146	288.980453113757
706795200	146	334.898000485529
706798800	146	335.156995653098
706802400	146	338.343875264048
706806000	146	339.882247133019
706809600	146	339.701945220072
706813200	146	339.650481245569
706816800	146	298.907784059911
706820400	146	298.625230768145
706824000	146	292.499050126902
706827600	146	289.39900852864
706831200	146	286.724755085154
706834800	146	285.167619516562
706838400	147	273.893426246037
706842000	147	274.944406754508
706845600	147	274.952522091898
706849200	147	275.171713446572
706852800	147	274.727988485059
706856400	147	274.1092882971
706860000	147	265.787052873165
706863600	147	265.433526848266
706867200	147	265.027717391543
706870800	147	265.933561183179
706874400	147	272.742461167499
706878000	147	281.079105464884
706881600	147	320.748235322689
706885200	147	321.131892730181
706888800	147	317.802272806592
706892400	147	310.950493725935
706896000	147	301.755173655425
706899600	147	293.585037183801
706903200	147	260.143360710174
706906800	147	259.904925527952
706910400	147	260.356078733266
706914000	147	261.252978423448
706917600	147	262.475129981938
706921200	147	264.115948274671
706924800	148	279.33588009768
706928400	148	281.048140142785
706932000	148	282.926218704323
706935600	148	284.53576511176
706939200	148	285.353534149742
706942800	148	286.075146371547
706946400	148	299.549207859231
706950000	148	299.237464310018
706953600	148	310.695895877912
706957200	148	315.528388876231
706960800	148	317.477991073776
706964400	148	318.548681974326
706968000	148	334.766566573836
706971600	148	334.555555005642
706975200	148	332.773765842428
706978800	148	324.57885031764
706982400	148	325.206352184867
706986000	148	328.00090042917
706989600	148	347.466477112306
706993200	148	347.44222605707
706996800	148	346.949747194784
707000400	148	346.360712025786
707004000	148	345.977216661554
707007600	148	345.743740381363
707011200	149	345.444802035185
707014800	149	345.903955935259
707018400	149	346.569604968747
707022000	149	346.735384832829
707025600	149	346.693378856515
707029200	149	346.577091590759
707032800	149	343.852374497062
707036400	149	343.377213815217
707040000	149	342.468637522296
707043600	149	341.658388943228
707047200	149	340.608438561405
707050800	149	338.494065025959
707054400	149	323.782092200609
707058000	149	324.01164027476
707061600	149	325.380633636506
707065200	149	326.016792593558
707068800	149	325.666180674647
707072400	149	325.453917233654
707076000	149	318.933527151481
707079600	149	319.134213645131
707083200	149	297.993339142769
707086800	149	283.847199393736
707090400	149	280.141273304662
707094000	149	279.97971764049
707097600	150	293.428219858002
707101200	150	293.856050282761
707104800	150	295.19403757984
707108400	150	303.216946512928
707112000	150	307.33867230367
707115600	150	309.422114589621
707119200	150	318.262484676064
707122800	150	318.599029143246
707126400	150	317.249853837891
707130000	150	318.065419399005
707133600	150	317.197481271568
707137200	150	316.444514348109
707140800	150	263.264970204095
707144400	150	262.214549475953
707148000	150	255.200836757026
707151600	150	253.242712116492
707155200	150	251.247793642503
707158800	150	249.20547446849
707162400	150	232.692815295123
707166000	150	232.888762712207
707169600	150	232.74922732134
707173200	150	233.042097529374
707176800	150	234.197522680347
707180400	150	235.903776881854
707184000	151	247.209177254045
707187600	151	248.224894604384
707191200	151	248.658742390146
707194800	151	248.877089131547
707198400	151	248.637025277508
707202000	151	247.678609718106
707205600	151	238.110403093356
707209200	151	237.217894029235
707212800	151	237.734947595524
707216400	151	238.30200941237
707220000	151	238.097851891471
707223600	151	237.840641269688
707227200	151	237.10761790276
707230800	151	237.222500320259
707234400	151	237.513702369483
707238000	151	237.746205198746
707241600	151	237.962774344921
707245200	151	238.116177573771
707248800	151	238.835442580133
707252400	151	238.899763015208
707256000	151	239.289422745836
707259600	151	239.035435176929
707263200	151	240.088161369371
707266800	151	242.203554950845
707270400	152	257.36107328516
707274000	152	258.601825724726
707277600	152	259.22844627392
707281200	152	259.529875659091
707284800	152	259.347546260574
707288400	152	258.516110374433
707292000	152	248.714204579748
707295600	152	247.68538635153
707299200	152	247.485004860893
707302800	152	247.126407638022
707306400	152	246.843742166705
707310000	152	246.584992013644
707313600	152	249.69212916575
707317200	152	248.545146188278
707320800	152	250.218766863282
707324400	152	251.263642354398
707328000	152	254.380937624112
707331600	152	257.234092876359
707335200	152	286.910314912249
707338800	152	286.14665362987
707342400	152	290.756772462379
707346000	152	291.268672592127
707349600	152	290.013284705801
707353200	152	289.449762257279
