Unix	jday	Temperature
712627200	214	283.384757855915
712630800	214	283.67927253867
712634400	214	283.862604501408
712638000	214	283.911105212408
712641600	214	283.351887136395
712645200	214	281.928508646218
712648800	214	280.757536736656
712652400	214	280.218130645969
712656000	214	279.661764626742
712659600	214	279.18379992649
712663200	214	278.820315102197
712666800	214	278.550481875321
712670400	214	278.321030365146
712674000	214	277.509335327503
712677600	214	276.934182643115
712681200	214	276.989234530726
712684800	214	277.135794274873
712688400	214	277.232804700045
712692000	214	277.138219527397
712695600	214	276.902636023486
712699200	214	276.824882434041
712702800	214	278.219891177455
712706400	214	279.939968733225
712710000	214	281.335303289599
712713600	215	282.54440805736
712717200	215	283.201669730992
712720800	215	283.306160617287
712724400	215	282.945455809771
712728000	215	282.230511955867
712731600	215	281.059044688378
712735200	215	279.593573649445
712738800	215	279.382319035133
712742400	215	279.552120568837
712746000	215	279.816851609405
712749600	215	280.622871492177
712753200	215	280.956821767678
712756800	215	281.684518987587
712760400	215	282.0294429357
712764000	215	282.332894772011
712767600	215	282.318197388416
712771200	215	282.081898190097
712774800	215	281.7591722129
712778400	215	281.411039414033
712782000	215	281.296884159081
712785600	215	280.641210868117
712789200	215	281.464297591537
712792800	215	283.037424714681
712796400	215	283.859805436004
712800000	216	283.753656442983
712803600	216	283.487776838026
712807200	216	283.276332599895
712810800	216	282.954044683292
712814400	216	282.33771041776
712818000	216	280.800359058282
712821600	216	279.375320911552
712825200	216	278.911944997367
712828800	216	278.525565234554
712832400	216	278.228773260596
712836000	216	278.10597813233
712839600	216	278.0369887811
712843200	216	278.389121857534
712846800	216	278.267680987136
712850400	216	278.470800550222
712854000	216	279.312935398141
712857600	216	279.775328903691
712861200	216	280.085122322954
712864800	216	280.567548907199
712868400	216	280.649220813636
712872000	216	280.545034469678
712875600	216	280.646618865775
712879200	216	280.598538061146
712882800	216	280.614368057948
712886400	217	280.659000715223
712890000	217	280.702655501439
712893600	217	280.653880249842
712897200	217	280.316066904102
712900800	217	279.659414483831
712904400	217	278.567372071841
712908000	217	277.579832452241
712911600	217	277.560449581425
712915200	217	277.477190417893
712918800	217	277.192461431809
712922400	217	276.881387934525
712926000	217	276.702739538005
712929600	217	276.33525868879
712933200	217	276.327009750518
712936800	217	276.483792053375
712940400	217	276.613148934831
712944000	217	276.451557744149
712947600	217	276.344738333104
712951200	217	276.12669515118
712954800	217	276.278769464054
712958400	217	276.94807956073
712962000	217	278.628064279235
712965600	217	280.189528676659
712969200	217	280.962933124142
712972800	218	281.505336502684
712976400	218	281.93687899926
712980000	218	282.474469952366
712983600	218	282.613509659406
712987200	218	282.177923270164
712990800	218	281.175756050987
712994400	218	280.456621927179
712998000	218	280.348774836145
713001600	218	280.297051543694
713005200	218	280.152354939929
713008800	218	279.906494566945
713012400	218	279.621405162116
713016000	218	279.117110685273
713019600	218	278.694966756343
713023200	218	278.267817787982
713026800	218	278.00758991899
713030400	218	277.927201956506
713034000	218	277.921568444541
713037600	218	277.371623249235
713041200	218	277.300495113997
713044800	218	277.290683128176
713048400	218	278.325668354351
713052000	218	280.014140266327
713055600	218	281.469945646656
713059200	219	282.99320583621
713062800	219	283.394520270393
713066400	219	283.610152567673
713070000	219	283.457288624197
713073600	219	282.725082630361
713077200	219	279.737508466511
713080800	219	277.30269839282
713084400	219	277.412334771161
713088000	219	277.494588189487
713091600	219	277.171080475342
713095200	219	276.559187012331
713098800	219	276.139413151275
713102400	219	276.467789399816
713106000	219	276.225688475392
713109600	219	275.91121770062
713113200	219	275.874622927825
713116800	219	276.244323132867
713120400	219	276.552130085074
713124000	219	277.029795195872
713127600	219	277.477635034212
713131200	219	278.220187751384
713134800	219	279.094527269512
713138400	219	280.731598327848
713142000	219	282.662043663171
713145600	220	284.049102150932
713149200	220	284.439089782687
713152800	220	284.762697541511
713156400	220	284.837211507303
713160000	220	284.645684398893
713163600	220	283.460339089996
713167200	220	282.09477165971
713170800	220	281.978578899743
713174400	220	282.525945517173
713178000	220	282.571584445929
713181600	220	282.5839392673
713185200	220	282.596848489865
713188800	220	282.249292684005
713192400	220	282.509973202642
713196000	220	282.021245562654
713199600	220	280.779770975496
713203200	220	280.741027830814
713206800	220	280.850686858574
713210400	220	281.511147819799
713214000	220	281.084045037679
713217600	220	280.847612987214
713221200	220	281.903345868616
713224800	220	282.32509880052
713228400	220	282.787777857731
713232000	221	282.866804520903
713235600	221	283.032274942684
713239200	221	282.713442365818
713242800	221	282.142975365758
713246400	221	282.064260581688
713250000	221	281.914585967707
713253600	221	281.916176184347
713257200	221	282.306233043631
713260800	221	282.607976982841
713264400	221	282.575786144587
713268000	221	282.330075771421
713271600	221	282.059528629694
713275200	221	281.874605239526
713278800	221	282.133918336056
713282400	221	282.703315425473
713286000	221	282.87658107152
713289600	221	282.985921635076
713293200	221	283.037260576559
713296800	221	283.166480370601
713300400	221	283.368823907794
713304000	221	283.380487871076
713307600	221	283.953514806595
713311200	221	284.875600920852
713314800	221	286.037734393143
713318400	222	286.878215559297
713322000	222	286.847793741985
713325600	222	286.463130272951
713329200	222	286.035207445613
713332800	222	285.461572705907
713336400	222	284.206258030046
713340000	222	282.584635700861
713343600	222	282.22380456241
713347200	222	281.964132716383
713350800	222	281.574527507787
713354400	222	281.241960921718
713358000	222	280.80061368969
713361600	222	280.52856028637
713365200	222	280.18312728065
713368800	222	280.007495483858
713372400	222	279.885160626939
713376000	222	279.603980531376
713379600	222	279.315073208121
713383200	222	279.65808700997
713386800	222	279.669515043242
713390400	222	279.71646585613
713394000	222	279.909892663074
713397600	222	280.822269280695
713401200	222	281.606118303439
713404800	223	282.599004442661
713408400	223	283.013771641643
713412000	223	283.349374570964
713415600	223	283.388021031882
713419200	223	282.748211467794
713422800	223	281.039223121711
713426400	223	279.5879694779
713430000	223	278.5700527252
713433600	223	278.005230975612
713437200	223	277.848706015714
713440800	223	277.839334869124
713444400	223	277.542255726867
713448000	223	276.585606534852
713451600	223	276.274834189162
713455200	223	276.155231308077
713458800	223	275.562689720231
713462400	223	275.422389749417
713466000	223	275.302781349633
713469600	223	275.374004714046
713473200	223	275.689237416941
713476800	223	276.267005864833
713480400	223	277.281498375923
713484000	223	278.575664615743
713487600	223	279.874338960596
713491200	224	280.744308893398
713494800	224	281.002862515583
713498400	224	281.147904645169
713502000	224	281.301578767305
713505600	224	281.209909566051
713509200	224	278.976615673257
713512800	224	276.210650139452
713516400	224	276.744465358228
713520000	224	277.106788118299
713523600	224	276.844602040796
713527200	224	276.559430839631
713530800	224	276.255213621433
713534400	224	275.387844566805
713538000	224	275.085977169995
713541600	224	275.327850938906
713545200	224	275.223720433093
713548800	224	275.319534750528
713552400	224	275.474693291924
713556000	224	274.870531373511
713559600	224	275.189558610828
713563200	224	275.472377408967
713566800	224	275.901195468214
713570400	224	276.615436303855
713574000	224	277.388138781807
713577600	225	278.0883424069
713581200	225	278.345889530621
713584800	225	278.389546297888
713588400	225	278.28136087344
713592000	225	278.036542070052
713595600	225	277.756671365309
713599200	225	277.457619049143
713602800	225	277.428868653674
713606400	225	277.337867832343
713610000	225	277.259178726686
713613600	225	277.268368034529
713617200	225	277.304681285817
713620800	225	277.349008128624
713624400	225	277.190408910332
713628000	225	276.978469956258
713631600	225	276.883673848775
713635200	225	276.936766803198
713638800	225	277.043415131247
713642400	225	276.62555317022
713646000	225	276.746196857717
713649600	225	276.7166983078
713653200	225	276.835289805242
713656800	225	277.24411411952
713660400	225	277.670376907075
713664000	226	278.675934044236
713667600	226	279.172302421281
713671200	226	279.460445072559
713674800	226	279.549364190407
713678400	226	279.542219332034
713682000	226	279.388449246012
713685600	226	279.652446084244
713689200	226	279.728190451349
713692800	226	279.686790909762
713696400	226	279.251689577106
713700000	226	279.196581358206
713703600	226	279.355121329943
713707200	226	279.631976310933
713710800	226	280.224192660798
713714400	226	280.664797910783
713718000	226	281.001555801072
713721600	226	281.269984910721
713725200	226	281.418434017976
713728800	226	281.271775134507
713732400	226	281.182043036154
713736000	226	281.381985646444
713739600	226	281.656082989019
713743200	226	282.250789382478
713746800	226	282.894879454657
713750400	227	282.864166547917
713754000	227	283.438178537737
713757600	227	284.006217619503
713761200	227	284.126495894698
713764800	227	283.834067611481
713768400	227	282.658083877508
713772000	227	279.880554894396
713775600	227	279.366422594458
713779200	227	279.008598628943
713782800	227	278.93742704918
713786400	227	279.892976632487
713790000	227	280.721159656077
713793600	227	281.050839438147
713797200	227	281.090216375223
713800800	227	280.947229445935
713804400	227	280.885228532115
713808000	227	280.803579589691
713811600	227	280.71320924282
713815200	227	280.528916322884
713818800	227	280.441908370673
713822400	227	280.32759796668
713826000	227	280.632792458022
713829600	227	280.903186088106
713833200	227	281.121360680883
713836800	228	281.089364572147
713840400	228	281.096057449104
713844000	228	281.086377810609
713847600	228	280.84785388428
713851200	228	280.589947103153
713854800	228	280.199543204094
713858400	228	279.827128160746
713862000	228	279.657711354076
713865600	228	279.602508591159
713869200	228	279.783929968464
713872800	228	279.842811472035
713876400	228	279.856809524524
713880000	228	278.691178391839
713883600	228	278.149956191789
713887200	228	278.018616210684
713890800	228	278.074439952027
713894400	228	278.034954767105
713898000	228	277.956300003747
713901600	228	277.917689727056
713905200	228	277.775774337839
713908800	228	277.720546942648
713912400	228	278.455931516342
713916000	228	279.57315172649
713919600	228	280.464267977699
713923200	229	281.659295533978
713926800	229	281.877898967262
713930400	229	281.781727136102
713934000	229	281.468090079568
713937600	229	281.309555060622
713941200	229	281.141749737695
713944800	229	280.736406161919
713948400	229	280.594038326296
713952000	229	280.535969825515
713955600	229	280.516569910314
713959200	229	280.471176405354
713962800	229	280.425773615995
713966400	229	280.497116474019
713970000	229	280.425884745622
713973600	229	280.261288929836
713977200	229	280.044359633687
713980800	229	279.728800087548
713984400	229	279.51179192859
713988000	229	279.236279589877
713991600	229	279.159845264376
713995200	229	279.277941813964
713998800	229	279.673662860089
714002400	229	280.190193760562
714006000	229	280.743677487838
714009600	230	281.94957781565
714013200	230	282.383563624657
714016800	230	282.720665704551
714020400	230	282.595669789291
714024000	230	282.145434209303
714027600	230	281.213838701745
714031200	230	279.287578406527
714034800	230	278.648737952404
714038400	230	278.454651070167
714042000	230	278.149561406602
714045600	230	277.529086513816
714049200	230	277.019880202823
714052800	230	276.194061630802
714056400	230	276.065714955064
714060000	230	276.147772404437
714063600	230	276.372268241766
714067200	230	276.18935010193
714070800	230	275.797847089413
714074400	230	275.839496764719
714078000	230	275.551366964313
714081600	230	275.625311489654
714085200	230	276.604507876076
714088800	230	278.899742713248
714092400	230	281.043115739826
714096000	231	282.366217776539
714099600	231	283.159711605267
714103200	231	283.626719748481
714106800	231	283.573188935922
714110400	231	282.893055760668
714114000	231	281.566773818125
714117600	231	279.637896967602
714121200	231	278.938349767687
714124800	231	278.54820462812
714128400	231	278.446179875722
714132000	231	278.769676087168
714135600	231	279.218906746243
714139200	231	280.056717925433
714142800	231	281.323436443031
714146400	231	282.182988913714
714150000	231	282.711781553848
714153600	231	283.293849216003
714157200	231	283.765964075259
714160800	231	283.639015198903
714164400	231	283.515760494278
714168000	231	283.515252591159
714171600	231	283.864088068704
714175200	231	283.77738318661
714178800	231	283.468642994412
714182400	232	283.545001318189
714186000	232	283.70682252589
714189600	232	282.800653777512
714193200	232	281.790093019128
714196800	232	280.825385673979
714200400	232	280.131224666142
714204000	232	280.337213093706
714207600	232	280.177318528861
714211200	232	279.929773610196
714214800	232	279.755894586349
714218400	232	279.708061665017
714222000	232	279.623265583269
714225600	232	279.526105895931
714229200	232	279.627893842822
714232800	232	279.798140652465
714236400	232	279.866253156312
714240000	232	279.34229685954
714243600	232	278.405485146977
714247200	232	278.179642239103
714250800	232	277.982944492618
714254400	232	277.993936471966
714258000	232	278.905045061692
714261600	232	280.18990528294
714265200	232	281.162310457758
714268800	233	282.082986849091
714272400	233	282.902801169528
714276000	233	283.404870144968
714279600	233	283.59846123264
714283200	233	283.220192850992
714286800	233	282.204244172361
714290400	233	280.282585097532
714294000	233	279.427972653272
714297600	233	279.034452509132
714301200	233	278.940555999667
714304800	233	279.032629306726
714308400	233	278.881292883003
714312000	233	278.813288257523
714315600	233	278.199307366138
714319200	233	277.752907107175
714322800	233	277.490650811729
714326400	233	277.319415949664
714330000	233	277.150003196806
714333600	233	276.601257982632
714337200	233	276.657660677598
714340800	233	276.577439429272
714344400	233	277.238477249946
714348000	233	278.855930657179
714351600	233	280.26096753132
714355200	234	282.1596165414
714358800	234	283.029128915536
714362400	234	283.303419577099
714366000	234	283.00866579312
714369600	234	282.253628005135
714373200	234	281.10081758531
714376800	234	280.175032693509
714380400	234	279.707462486048
714384000	234	279.349345982509
714387600	234	279.150044651475
714391200	234	279.047264002354
714394800	234	279.03772655115
714398400	234	278.686805951115
714402000	234	278.493786600471
714405600	234	278.269684844317
714409200	234	278.097126970792
714412800	234	278.191163045126
714416400	234	278.238918454693
714420000	234	278.15933455536
714423600	234	278.33471975049
714427200	234	278.324505571364
714430800	234	278.333403997116
714434400	234	278.462575887872
714438000	234	278.541753936111
714441600	235	279.244321863419
714445200	235	279.150065117819
714448800	235	278.857896288012
714452400	235	278.72066838887
714456000	235	278.601286488084
714459600	235	278.409515782416
714463200	235	278.409965127779
714466800	235	278.377001812986
714470400	235	278.168998143128
714474000	235	277.859184770945
714477600	235	277.717933621419
714481200	235	277.616860694102
714484800	235	277.469293289653
714488400	235	277.614144400564
714492000	235	277.884482454223
714495600	235	278.048190791678
714499200	235	278.073178551807
714502800	235	278.12347534164
714506400	235	278.671522648384
714510000	235	278.68367761689
714513600	235	278.912791668012
714517200	235	279.636127677268
714520800	235	280.275496643079
714524400	235	280.696469833768
714528000	236	281.200611514187
714531600	236	281.218158671534
714535200	236	281.276168554661
714538800	236	281.414482241617
714542400	236	281.521185853896
714546000	236	281.218018405369
714549600	236	279.925105833837
714553200	236	279.965955352995
714556800	236	280.164936693645
714560400	236	280.135678652586
714564000	236	279.564280891695
714567600	236	278.996530693909
714571200	236	277.972151996974
714574800	236	277.792342043878
714578400	236	277.343228703177
714582000	236	276.821035348347
714585600	236	276.660258637774
714589200	236	276.600449905963
714592800	236	275.876659034724
714596400	236	275.552607804226
714600000	236	275.922092742926
714603600	236	277.334752069591
714607200	236	279.253749899001
714610800	236	281.175750876204
714614400	237	283.350161871463
714618000	237	284.340582096157
714621600	237	284.713899247458
714625200	237	284.620352021521
714628800	237	284.070979115807
714632400	237	282.78861830897
714636000	237	278.886055420865
714639600	237	278.931389797903
714643200	237	278.998778821699
714646800	237	278.721942977407
714650400	237	278.545517552876
714654000	237	278.312826817706
714657600	237	278.229702692862
714661200	237	278.2251343497
714664800	237	278.191115910706
714668400	237	278.276066779185
714672000	237	278.404576612933
714675600	237	278.600791806429
714679200	237	277.436891314286
714682800	237	278.250883948124
714686400	237	278.911376617012
714690000	237	279.914371077607
714693600	237	281.222886628089
714697200	237	282.519914830923
714700800	238	283.709031142524
714704400	238	284.28745409854
714708000	238	284.470703193879
714711600	238	284.282781981505
714715200	238	283.862249992926
714718800	238	282.86527672968
714722400	238	281.335580443735
714726000	238	281.094021338551
714729600	238	280.571548909889
714733200	238	280.219964470313
714736800	238	280.12773574888
714740400	238	280.02041555521
714744000	238	279.220049763739
714747600	238	278.768190672809
714751200	238	278.59187832734
714754800	238	278.022954754248
714758400	238	278.007735332654
714762000	238	277.13158389393
714765600	238	278.483004304354
714769200	238	278.847300911164
714772800	238	280.417283460823
714776400	238	280.763561243214
714780000	238	281.508468430389
714783600	238	281.826512007491
714787200	239	281.25523816505
714790800	239	280.455938990483
714794400	239	279.746706368133
714798000	239	279.434304581542
714801600	239	279.015347752105
714805200	239	278.600490415778
714808800	239	277.334945063446
714812400	239	277.005923941701
714816000	239	276.803379270187
714819600	239	276.827815297306
714823200	239	276.985666733866
714826800	239	277.096061495547
714830400	239	276.823058267777
714834000	239	276.806135078613
714837600	239	276.760846598932
714841200	239	276.740979937029
714844800	239	276.704005683836
714848400	239	276.602883949593
714852000	239	276.650183846937
714855600	239	276.39215756728
714859200	239	276.269574710614
714862800	239	276.195846621707
714866400	239	276.102935633168
714870000	239	276.029896488568
714873600	240	276.509236673743
714877200	240	276.707069806199
714880800	240	276.269998499295
714884400	240	276.111036863871
714888000	240	276.070306279746
714891600	240	276.062518254765
714895200	240	276.332404997822
714898800	240	276.435059033239
714902400	240	276.621923031609
714906000	240	276.824078048214
714909600	240	276.988914112569
714913200	240	277.125588731093
714916800	240	277.520033624569
714920400	240	277.681823988315
714924000	240	277.677848545399
714927600	240	277.641758736769
714931200	240	277.528887187947
714934800	240	277.359260812084
714938400	240	277.259793080766
714942000	240	277.223620466162
714945600	240	277.293443450364
714949200	240	277.381564123064
714952800	240	277.419282190803
714956400	240	277.38965653196
714960000	241	277.884263058814
714963600	241	278.145754599379
714967200	241	277.846961274491
714970800	241	277.548831856237
714974400	241	277.469423283691
714978000	241	277.323952327793
714981600	241	277.334405850874
714985200	241	277.425005020979
714988800	241	277.335579839845
714992400	241	277.178165002846
714996000	241	277.018920297989
714999600	241	276.896596939997
715003200	241	277.088942814635
715006800	241	276.809288476664
715010400	241	276.564011042862
715014000	241	276.367472947169
715017600	241	276.211090733182
715021200	241	276.092783376433
715024800	241	275.911320990266
715028400	241	276.342258251272
715032000	241	276.78580939628
715035600	241	277.261737651534
715039200	241	277.731581089612
715042800	241	278.1814228161
715046400	242	278.999887223068
715050000	242	279.275182171347
715053600	242	279.285677548573
715057200	242	279.243260516722
715060800	242	278.872724052418
715064400	242	278.422659915169
715068000	242	277.649891915433
715071600	242	277.495766260178
715075200	242	277.528440171643
715078800	242	277.502975266854
715082400	242	277.406597182367
715086000	242	277.296279130873
715089600	242	276.894223469272
715093200	242	276.936299257907
715096800	242	277.078198712283
715100400	242	277.219262107729
715104000	242	277.260874429344
715107600	242	277.280389257312
715111200	242	277.510055457336
715114800	242	277.51726833066
715118400	242	277.508904702382
715122000	242	277.542681509387
715125600	242	277.618147018455
715129200	242	277.722545479911
715132800	243	278.362992140395
715136400	243	278.480739449969
715140000	243	278.585158776525
715143600	243	278.644314395021
715147200	243	278.519272838949
715150800	243	278.304011033302
715154400	243	277.832566664164
715158000	243	277.701682616643
715161600	243	277.592053316373
715165200	243	277.497241387517
715168800	243	277.383185180595
715172400	243	277.280227093879
715176000	243	277.590892301162
715179600	243	277.433702010138
715183200	243	277.381700616128
715186800	243	277.286802900872
715190400	243	277.070318584897
715194000	243	276.935005178611
715197600	243	275.883326678551
715201200	243	275.641903565128
715204800	243	275.990983441011
715208400	243	276.568803020155
715212000	243	277.012578003178
715215600	243	277.291711184632
715219200	244	277.550635307518
715222800	244	277.71633892276
715226400	244	278.102724963234
715230000	244	278.163259381599
715233600	244	277.787852438318
715237200	244	277.455297644341
715240800	244	276.782469740029
715244400	244	276.598094922152
715248000	244	276.486126277121
715251600	244	276.452501067015
715255200	244	276.503362503224
715258800	244	276.562550559827
715262400	244	276.591255183416
715266000	244	276.850975471958
715269600	244	277.122076811527
715273200	244	277.334724209289
715276800	244	277.33816640385
715280400	244	277.246341119498
715284000	244	277.217172112959
715287600	244	277.277903786981
715291200	244	278.340121007361
715294800	244	280.0566971437
715298400	244	281.232226749431
715302000	244	281.991905468139
