Unix	jday	Downward_Short-Wave_Rad_Flux
1149120000	152	132.354424210202
1149123600	152	132.354424210202
1149127200	152	146.011720448859
1149130800	152	156.523126622871
1149134400	152	156.294163024439
1149138000	152	137.444649589848
1149141600	152	0
1149145200	152	0
1149148800	152	0
1149152400	152	0
1149156000	152	0
1149159600	152	0
1149163200	152	0
1149166800	152	0
1149170400	152	0
1149174000	152	0
1149177600	152	0
1149181200	152	0
1149184800	152	0
1149188400	152	0
1149192000	152	0
1149195600	152	10.2948229948685
1149199200	152	40.0145247076377
1149202800	152	78.1976232206281
1149206400	153	373.512740081969
1149210000	153	373.512740081969
1149213600	153	375.876738504978
1149217200	153	356.901336695232
1149220800	153	313.301620820562
1149224400	153	261.315707795333
1149228000	153	0
1149231600	153	0
1149235200	153	0
1149238800	153	0
1149242400	153	0
1149246000	153	0
1149249600	153	0
1149253200	153	0
1149256800	153	0
1149260400	153	0
1149264000	153	0
1149267600	153	0
1149271200	153	0
1149274800	153	0
1149278400	153	0
1149282000	153	3.81871588745086
1149285600	153	10.9983316308313
1149289200	153	18.0030221660041
1149292800	154	42.0125698731955
1149296400	154	42.0125698731955
1149300000	154	36.3024492967452
1149303600	154	33.4194057952359
1149307200	154	30.1981088472985
1149310800	154	25.792766273792
1149314400	154	0
1149318000	154	0
1149321600	154	0
1149325200	154	0
1149328800	154	0
1149332400	154	0
1149336000	154	0
1149339600	154	0
1149343200	154	0
1149346800	154	0
1149350400	154	0
1149354000	154	0
1149357600	154	0
1149361200	154	0
1149364800	154	0
1149368400	154	4.24625693704067
1149372000	154	24.4185792240167
1149375600	154	62.3505056503441
1149379200	155	368.552729807925
1149382800	155	368.552729807925
1149386400	155	369.233407875387
1149390000	155	346.479306302916
1149393600	155	302.481164552768
1149397200	155	249.460638389716
1149400800	155	0
1149404400	155	0
1149408000	155	0
1149411600	155	0
1149415200	155	0
1149418800	155	0
1149422400	155	0
1149426000	155	0
1149429600	155	0
1149433200	155	0
1149436800	155	0
1149440400	155	0
1149444000	155	0
1149447600	155	0
1149451200	155	0
1149454800	155	13.176711634939
1149458400	155	54.308801480856
1149462000	155	103.741557008117
1149465600	156	420.409912435226
1149469200	156	420.409912435226
1149472800	156	410.290016513957
1149476400	156	383.261134615722
1149480000	156	341.060265332457
1149483600	156	287.795197246937
1149487200	156	0
1149490800	156	0
1149494400	156	0
1149498000	156	0
1149501600	156	0
1149505200	156	0
1149508800	156	0
1149512400	156	0
1149516000	156	0
1149519600	156	0
1149523200	156	0
1149526800	156	0
1149530400	156	0
1149534000	156	0
1149537600	156	0
1149541200	156	11.729341254009
1149544800	156	50.0543080299776
1149548400	156	97.0940253265326
1149552000	157	400.694058939544
1149555600	157	400.694058939544
1149559200	157	391.953017365018
1149562800	157	366.075047362994
1149566400	157	325.527436201776
1149570000	157	274.410291675385
1149573600	157	0
1149577200	157	0
1149580800	157	0
1149584400	157	0
1149588000	157	0
1149591600	157	0
1149595200	157	0
1149598800	157	0
1149602400	157	0
1149606000	157	0
1149609600	157	0
1149613200	157	0
1149616800	157	0
1149620400	157	0
1149624000	157	0
1149627600	157	6.04035351492094
1149631200	157	25.8361470294203
1149634800	157	54.0519314009134
1149638400	158	385.923037937051
1149642000	158	385.923037937051
1149645600	158	375.483496241601
1149649200	158	349.699412325443
1149652800	158	310.181498954529
1149656400	158	260.982801017091
1149660000	158	0
1149663600	158	0
1149667200	158	0
1149670800	158	0
1149674400	158	0
1149678000	158	0
1149681600	158	0
1149685200	158	0
1149688800	158	0
1149692400	158	0
1149696000	158	0
1149699600	158	0
1149703200	158	0
1149706800	158	0
1149710400	158	0
1149714000	158	3.38734418344673
1149717600	158	17.8074025676373
1149721200	158	41.6797346592191
1149724800	159	274.415818909948
1149728400	159	274.415818909948
1149732000	159	278.816749666388
1149735600	159	252.621550843069
1149739200	159	213.135008495929
1149742800	159	175.967808878712
1149746400	159	0
1149750000	159	0
1149753600	159	0
1149757200	159	0
1149760800	159	0
1149764400	159	0
1149768000	159	0
1149771600	159	0
1149775200	159	0
1149778800	159	0
1149782400	159	0
1149786000	159	0
1149789600	159	0
1149793200	159	0
1149796800	159	0
1149800400	159	7.42904962666398
1149804000	159	26.8865134951765
1149807600	159	48.1766751192145
1149811200	160	206.951808361131
1149814800	160	206.951808361131
1149818400	160	234.097300965822
1149822000	160	209.276516923861
1149825600	160	175.743944252681
1149829200	160	145.162025124812
1149832800	160	0
1149836400	160	0
1149840000	160	0
1149843600	160	0
1149847200	160	0
1149850800	160	0
1149854400	160	0
1149858000	160	0
1149861600	160	0
1149865200	160	0
1149868800	160	0
1149872400	160	0
1149876000	160	0
1149879600	160	0
1149883200	160	0
1149886800	160	3.93939342095721
1149890400	160	11.6643937819594
1149894000	160	18.8015022856812
1149897600	161	79.7879973908369
1149901200	161	79.7879973908369
1149904800	161	104.798554046121
1149908400	161	107.634327633743
1149912000	161	98.5074341612233
1149915600	161	85.0925872670874
1149919200	161	0
1149922800	161	0
1149926400	161	0
1149930000	161	0
1149933600	161	0
1149937200	161	0
1149940800	161	0
1149944400	161	0
1149948000	161	0
1149951600	161	0
1149955200	161	0
1149958800	161	0
1149962400	161	0
1149966000	161	0
1149969600	161	0
1149973200	161	1.91789116984124
1149976800	161	5.34466227797284
1149980400	161	7.09904940848762
1149984000	162	17.5509482200676
1149987600	162	17.5509482200676
1149991200	162	20.216175815583
1149994800	162	27.5075787182185
1149998400	162	30.3283335895916
1150002000	162	27.1463012768766
1150005600	162	0
1150009200	162	0
1150012800	162	0
1150016400	162	0
1150020000	162	0
1150023600	162	0
1150027200	162	0
1150030800	162	0
1150034400	162	0
1150038000	162	0
1150041600	162	0
1150045200	162	0
1150048800	162	0
1150052400	162	0
1150056000	162	0
1150059600	162	2.82027526314916
1150063200	162	9.16903496548267
1150066800	162	25.7505880276043
1150070400	163	30.0564486802311
1150074000	163	30.0564486802311
1150077600	163	34.0269216547462
1150081200	163	38.4934570999611
1150084800	163	44.4780953679453
1150088400	163	46.2387900644167
1150092000	163	0
1150095600	163	0
1150099200	163	0
1150102800	163	0
1150106400	163	0
1150110000	163	0
1150113600	163	0
1150117200	163	0
1150120800	163	0
1150124400	163	0
1150128000	163	0
1150131600	163	0
1150135200	163	0
1150138800	163	0
1150142400	163	0
1150146000	163	10.1322290725514
1150149600	163	48.2457604993987
1150153200	163	96.2558141115938
1150156800	164	405.489687317847
1150160400	164	405.489687317847
1150164000	164	396.530054113127
1150167600	164	370.521484877272
1150171200	164	329.551617642602
1150174800	164	277.586706905642
1150178400	164	0
1150182000	164	0
1150185600	164	0
1150189200	164	0
1150192800	164	0
1150196400	164	0
1150200000	164	0
1150203600	164	0
1150207200	164	0
1150210800	164	0
1150214400	164	0
1150218000	164	0
1150221600	164	0
1150225200	164	0
1150228800	164	0
1150232400	164	5.01874706618476
1150236000	164	16.7895086030498
1150239600	164	26.7308855841595
1150243200	165	68.8715287670594
1150246800	165	68.8715287670594
1150250400	165	88.2961204355098
1150254000	165	106.153450070972
1150257600	165	107.042471552396
1150261200	165	93.6776080880517
1150264800	165	0
1150268400	165	0
1150272000	165	0
1150275600	165	0
1150279200	165	0
1150282800	165	0
1150286400	165	0
1150290000	165	0
1150293600	165	0
1150297200	165	0
1150300800	165	0
1150304400	165	0
1150308000	165	0
1150311600	165	0
1150315200	165	0
1150318800	165	6.04238550212906
1150322400	165	29.0486216146737
1150326000	165	53.0096343470149
1150329600	166	205.407580879169
1150333200	166	205.407580879169
1150336800	166	174.358749111772
1150340400	166	144.062131398676
1150344000	166	120.430944779139
1150347600	166	99.4626349826621
1150351200	166	0
1150354800	166	0
1150358400	166	0
1150362000	166	0
1150365600	166	0
1150369200	166	0
1150372800	166	0
1150376400	166	0
1150380000	166	0
1150383600	166	0
1150387200	166	0
1150390800	166	0
1150394400	166	0
1150398000	166	0
1150401600	166	0
1150405200	166	1.01747619372223
1150408800	166	6.1911923814906
1150412400	166	19.3750226797635
1150416000	167	256.60860504251
1150419600	167	256.60860504251
1150423200	167	282.268476072961
1150426800	167	264.836862737609
1150430400	167	227.293265361567
1150434000	167	188.282837962391
1150437600	167	0
1150441200	167	0
1150444800	167	0
1150448400	167	0
1150452000	167	0
1150455600	167	0
1150459200	167	0
1150462800	167	0
1150466400	167	0
1150470000	167	0
1150473600	167	0
1150477200	167	0
1150480800	167	0
1150484400	167	0
1150488000	167	0
1150491600	167	7.34824365697187
1150495200	167	40.5649384078132
1150498800	167	86.0263345670185
1150502400	168	391.307416247389
1150506000	168	391.307416247389
1150509600	168	383.974139260228
1150513200	168	359.606955785601
1150516800	168	320.321554729017
1150520400	168	269.999373786487
1150524000	168	0
1150527600	168	0
1150531200	168	0
1150534800	168	0
1150538400	168	0
1150542000	168	0
1150545600	168	0
1150549200	168	0
1150552800	168	0
1150556400	168	0
1150560000	168	0
1150563600	168	0
1150567200	168	0
1150570800	168	0
1150574400	168	0
1150578000	168	2.0148172861689
1150581600	168	22.0422598583902
1150585200	168	64.7728937378452
1150588800	169	355.625136756254
1150592400	169	355.625136756254
1150596000	169	346.172806630799
1150599600	169	317.430103432521
1150603200	169	279.791517760225
1150606800	169	235.141474654122
1150610400	169	0
1150614000	169	0
1150617600	169	0
1150621200	169	0
1150624800	169	0
1150628400	169	0
1150632000	169	0
1150635600	169	0
1150639200	169	0
1150642800	169	0
1150646400	169	0
1150650000	169	0
1150653600	169	0
1150657200	169	0
1150660800	169	0
1150664400	169	9.06589478418897
1150668000	169	45.9392137150793
1150671600	169	93.01592134941
1150675200	170	403.962106484433
1150678800	170	403.962106484433
1150682400	170	395.896106335775
1150686000	170	370.277253725019
1150689600	170	329.530903190361
1150693200	170	277.745757593048
1150696800	170	0
1150700400	170	0
1150704000	170	0
1150707600	170	0
1150711200	170	0
1150714800	170	0
1150718400	170	0
1150722000	170	0
1150725600	170	0
1150729200	170	0
1150732800	170	0
1150736400	170	0
1150740000	170	0
1150743600	170	0
1150747200	170	0
1150750800	170	8.74195165193214
1150754400	170	44.5739538745219
1150758000	170	90.3745649968342
1150761600	171	290.169212975363
1150765200	171	290.169212975363
1150768800	171	248.377804587975
1150772400	171	210.89216885627
1150776000	171	174.985901418819
1150779600	171	144.05954926659
1150783200	171	0
1150786800	171	0
1150790400	171	0
1150794000	171	0
1150797600	171	0
1150801200	171	0
1150804800	171	0
1150808400	171	0
1150812000	171	0
1150815600	171	0
1150819200	171	0
1150822800	171	0
1150826400	171	0
1150830000	171	0
1150833600	171	0
1150837200	171	0.62389206166507
1150840800	171	5.08527746955121
1150844400	171	17.8278940929123
1150848000	172	198.108654438632
1150851600	172	198.108654438632
1150855200	172	198.255557749044
1150858800	172	177.868576121331
1150862400	172	150.16855095851
1150866000	172	124.126477410027
1150869600	172	0
1150873200	172	0
1150876800	172	0
1150880400	172	0
1150884000	172	0
1150887600	172	0
1150891200	172	0
1150894800	172	0
1150898400	172	0
1150902000	172	0
1150905600	172	0
1150909200	172	0
1150912800	172	0
1150916400	172	0
1150920000	172	0
1150923600	172	8.44102317753103
1150927200	172	44.4913576315505
1150930800	172	90.8156745264979
1150934400	173	400.188585058367
1150938000	173	400.188585058367
1150941600	173	391.170781441407
1150945200	173	365.029421013386
1150948800	173	322.765368047047
1150952400	173	271.417363705656
1150956000	173	0
1150959600	173	0
1150963200	173	0
1150966800	173	0
1150970400	173	0
1150974000	173	0
1150977600	173	0
1150981200	173	0
1150984800	173	0
1150988400	173	0
1150992000	173	0
1150995600	173	0
1150999200	173	0
1151002800	173	0
1151006400	173	0
1151010000	173	8.0403903746159
1151013600	173	42.3746926852316
1151017200	173	86.6845966526567
1151020800	174	385.187037785674
1151024400	174	385.187037785674
1151028000	174	377.216988750617
1151031600	174	352.756948122391
1151035200	174	313.884309949892
1151038800	174	264.654175880648
1151042400	174	0
1151046000	174	0
1151049600	174	0
1151053200	174	0
1151056800	174	0
1151060400	174	0
1151064000	174	0
1151067600	174	0
1151071200	174	0
1151074800	174	0
1151078400	174	0
1151082000	174	0
1151085600	174	0
1151089200	174	0
1151092800	174	0
1151096400	174	8.14651862414939
1151100000	174	43.282998581861
1151103600	174	88.7555575778163
1151107200	175	393.341062489693
1151110800	175	393.341062489693
1151114400	175	385.716072540545
1151118000	175	361.429394167629
1151121600	175	322.23096150999
1151125200	175	272.014189951807
1151128800	175	0
1151132400	175	0
1151136000	175	0
1151139600	175	0
1151143200	175	0
1151146800	175	0
1151150400	175	0
1151154000	175	0
1151157600	175	0
1151161200	175	0
1151164800	175	0
1151168400	175	0
1151172000	175	0
1151175600	175	0
1151179200	175	0
1151182800	175	8.2504564161561
1151186400	175	43.8651434449293
1151190000	175	89.9456916732758
1151193600	176	396.725544130461
1151197200	176	396.725544130461
1151200800	176	388.830801372058
1151204400	176	364.15741830251
1151208000	176	324.602022482251
1151211600	176	274.101697045536
1151215200	176	0
1151218800	176	0
1151222400	176	0
1151226000	176	0
1151229600	176	0
1151233200	176	0
1151236800	176	0
1151240400	176	0
1151244000	176	0
1151247600	176	0
1151251200	176	0
1151254800	176	0
1151258400	176	0
1151262000	176	0
1151265600	176	0
1151269200	176	7.96468372679138
1151272800	176	42.7867650062415
1151276400	176	87.9983813628723
1151280000	177	390.565517904364
1151283600	177	390.565517904364
1151287200	177	382.807119005051
1151290800	177	358.190499383407
1151294400	177	318.973650264854
1151298000	177	269.247559766829
1151301600	177	0
1151305200	177	0
1151308800	177	0
1151312400	177	0
1151316000	177	0
1151319600	177	0
1151323200	177	0
1151326800	177	0
1151330400	177	0
1151334000	177	0
1151337600	177	0
1151341200	177	0
1151344800	177	0
1151348400	177	0
1151352000	177	0
1151355600	177	6.76626321516751
1151359200	177	38.2643612080692
1151362800	177	81.7025208602432
1151366400	178	391.948875798238
1151370000	178	391.948875798238
1151373600	178	386.568003207826
1151377200	178	362.546493801149
1151380800	178	323.620184031445
1151384400	178	273.533172036825
1151388000	178	0
1151391600	178	0
1151395200	178	0
1151398800	178	0
1151402400	178	0
1151406000	178	0
1151409600	178	0
1151413200	178	0
1151416800	178	0
1151420400	178	0
1151424000	178	0
1151427600	178	0
1151431200	178	0
1151434800	178	0
1151438400	178	0
1151442000	178	7.53627461094667
1151445600	178	37.5679409979271
1151449200	178	73.327508626718
1151452800	179	309.818434974503
1151456400	179	309.818434974503
1151460000	179	291.883112024819
1151463600	179	258.891018149159
1151467200	179	224.48084599974
1151470800	179	188.729616264595
1151474400	179	0
1151478000	179	0
1151481600	179	0
1151485200	179	0
1151488800	179	0
1151492400	179	0
1151496000	179	0
1151499600	179	0
1151503200	179	0
1151506800	179	0
1151510400	179	0
1151514000	179	0
1151517600	179	0
1151521200	179	0
1151524800	179	0
1151528400	179	5.83355773654247
1151532000	179	27.0736618582664
1151535600	179	54.9586905537902
1151539200	180	272.277005720062
1151542800	180	272.277005720062
1151546400	180	305.047124107584
1151550000	180	302.992029831512
1151553600	180	277.009004228715
1151557200	180	235.860751558613
1151560800	180	0
1151564400	180	0
1151568000	180	0
1151571600	180	0
1151575200	180	0
1151578800	180	0
1151582400	180	0
1151586000	180	0
1151589600	180	0
1151593200	180	0
1151596800	180	0
1151600400	180	0
1151604000	180	0
1151607600	180	0
1151611200	180	0
1151614800	180	7.90756606021262
1151618400	180	42.5260056053076
1151622000	180	87.1913830416706
1151625600	181	392.814182387511
1151629200	181	392.814182387511
1151632800	181	386.513093106379
1151636400	181	362.502550105724
1151640000	181	323.658288282725
1151643600	181	273.861768655739
1151647200	181	0
1151650800	181	0
1151654400	181	0
1151658000	181	0
1151661600	181	0
1151665200	181	0
1151668800	181	0
1151672400	181	0
1151676000	181	0
1151679600	181	0
1151683200	181	0
1151686800	181	0
1151690400	181	0
1151694000	181	0
1151697600	181	0
1151701200	181	8.26976140621906
1151704800	181	43.8949267263687
1151708400	181	89.9813425723383
