Unix	jday	Downward_Long-Wave_Rad_Flux
717897600	275	342.908012857492
717901200	275	344.244839814512
717904800	275	335.071583094791
717908400	275	332.418606862547
717912000	275	333.068951125006
717915600	275	333.533785045881
717919200	275	334.39530799745
717922800	275	333.366616218864
717926400	275	333.567820219624
717930000	275	333.788973113048
717933600	275	333.53490194964
717937200	275	333.285666058825
717940800	275	335.334765561558
717944400	275	334.653233507947
717948000	275	334.422337909381
717951600	275	335.047270712801
717955200	275	335.565815981876
717958800	275	335.840165375392
717962400	275	336.286454918599
717966000	275	336.61989193781
717969600	275	338.613455428358
717973200	275	338.454348756653
717976800	275	337.796608092338
717980400	275	336.898759778337
717984000	276	306.72774040151
717987600	276	309.38983580916
717991200	276	306.644590575972
717994800	276	314.432792797495
717998400	276	319.970422950884
718002000	276	325.179701257498
718005600	276	342.196935555013
718009200	276	340.493142464134
718012800	276	339.851718456771
718016400	276	338.931252005181
718020000	276	337.33488390987
718023600	276	334.345670744005
718027200	276	277.677900597736
718030800	276	277.47514748044
718034400	276	274.345919515452
718038000	276	273.066745635617
718041600	276	272.041547112201
718045200	276	271.373785940444
718048800	276	267.962523015426
718052400	276	267.436718615195
718056000	276	267.705721053192
718059600	276	268.654243526677
718063200	276	269.418577341124
718066800	276	270.078189433838
718070400	277	271.478584383357
718074000	277	272.011443168638
718077600	277	271.902891575913
718081200	277	271.96400361717
718084800	277	271.871345539234
718088400	277	271.722818938905
718092000	277	268.216852896969
718095600	277	266.591688786459
718099200	277	264.773963189553
718102800	277	262.934807364169
718106400	277	260.981387666393
718110000	277	259.136726382845
718113600	277	249.989772707163
718117200	277	249.080903593878
718120800	277	248.566138795114
718124400	277	248.347465639073
718128000	277	248.212666834837
718131600	277	248.165066641516
718135200	277	246.066451100541
718138800	277	246.814335245528
718142400	277	247.696461540967
718146000	277	249.061633083765
718149600	277	250.77487991543
718153200	277	252.638208583797
718156800	278	267.007957340788
718160400	278	267.737674034451
718164000	278	267.160066619444
718167600	278	267.466536259348
718171200	278	267.720638909306
718174800	278	268.007047080072
718178400	278	267.098745604955
718182000	278	266.004614542547
718185600	278	265.830278365209
718189200	278	265.770240229875
718192800	278	265.421080935421
718196400	278	265.191362765066
718200000	278	265.897433577118
718203600	278	266.446678885071
718207200	278	266.203348736603
718210800	278	266.34014791246
718214400	278	270.824642924776
718218000	278	277.523571036994
718221600	278	335.754778324822
718225200	278	336.117606764421
718228800	278	338.639307783638
718232400	278	340.062854523875
718236000	278	341.986012311931
718239600	278	343.677920346681
718243200	279	354.729213753969
718246800	279	354.56928589375
718250400	279	354.358943242287
718254000	279	354.244976121832
718257600	279	354.14842710392
718261200	279	353.963191246752
718264800	279	344.653371186609
718268400	279	344.434773210563
718272000	279	341.49824966618
718275600	279	337.221132944067
718279200	279	335.290030689739
718282800	279	334.481060172059
718286400	279	339.075683571817
718290000	279	338.178910798909
718293600	279	335.600441458959
718297200	279	333.969622073262
718300800	279	333.764397521292
718304400	279	334.518824281426
718308000	279	344.909964340429
718311600	279	345.69541747667
718315200	279	350.045506419034
718318800	279	352.318115955932
718322400	279	353.363489549966
718326000	279	353.953110997445
718329600	280	353.85297766451
718333200	280	354.055666480215
718336800	280	352.376191105774
718340400	280	351.927061305864
718344000	280	352.811174765187
718347600	280	353.717871379633
718351200	280	359.168252524448
718354800	280	359.239152071343
718358400	280	359.850701310231
718362000	280	359.991422960856
718365600	280	359.984985228988
718369200	280	359.919784574389
718372800	280	361.425372906614
718376400	280	361.33987973652
718380000	280	360.844366203509
718383600	280	359.936203488161
718387200	280	358.74514914043
718390800	280	357.537042334807
718394400	280	344.455698733192
718398000	280	345.305185528852
718401600	280	347.531509604811
718405200	280	349.103999667953
718408800	280	349.688988933291
718412400	280	350.145969561135
718416000	281	358.4159924577
718419600	281	359.413462517289
718423200	281	361.719741959739
718426800	281	363.086248803008
718430400	281	364.268271012815
718434000	281	365.400811577248
718437600	281	368.066596878212
718441200	281	367.213258071429
718444800	281	362.881519969189
718448400	281	358.569620210963
718452000	281	354.045185150907
718455600	281	344.326288798511
718459200	281	301.118320798867
718462800	281	300.831494094291
718466400	281	302.627717578567
718470000	281	302.682279340595
718473600	281	300.984968325258
718477200	281	298.328027367362
718480800	281	290.530829295581
718484400	281	290.109467531876
718488000	281	296.314451691655
718491600	281	300.117578024253
718495200	281	302.563624758896
718498800	281	304.875396889174
718502400	282	320.935227574136
718506000	282	322.438831311693
718509600	282	325.44675544125
718513200	282	328.190963674383
718516800	282	333.859236330657
718520400	282	338.386114230374
718524000	282	357.977997321765
718527600	282	356.884452919881
718531200	282	357.205147608826
718534800	282	357.575838883883
718538400	282	357.993878475771
718542000	282	358.300300113129
718545600	282	359.515127920249
718549200	282	360.544249330547
718552800	282	358.505055276325
718556400	282	354.387667660347
718560000	282	351.175753069827
718563600	282	348.789969944646
718567200	282	350.805912029988
718570800	282	351.428919404394
718574400	282	355.337484345757
718578000	282	356.848057069087
718581600	282	357.12190566682
718585200	282	356.909813965566
718588800	283	354.728972634756
718592400	283	355.436185594083
718596000	283	355.713105722872
718599600	283	356.235106221831
718603200	283	356.857474506978
718606800	283	357.028349386147
718610400	283	352.45542863025
718614000	283	352.014104100032
718617600	283	348.175227203946
718621200	283	340.792361874155
718624800	283	332.520561471275
718628400	283	324.194558354042
718632000	283	287.193792929924
718635600	283	286.797625768045
718639200	283	286.668709825506
718642800	283	287.233470419051
718646400	283	290.335492629762
718650000	283	295.065719415501
718653600	283	348.230741716328
718657200	283	348.122182418511
718660800	283	350.367187670219
718664400	283	352.058409452077
718668000	283	353.168953224383
718671600	283	353.80538761667
718675200	284	359.327143361645
718678800	284	359.858848541602
718682400	284	357.821801040864
718686000	284	356.686479176113
718689600	284	356.985918161962
718693200	284	357.79533856394
718696800	284	363.989666573923
718700400	284	363.83057708856
718704000	284	363.204517288227
718707600	284	362.924829141185
718711200	284	362.950710591413
718714800	284	363.135757842311
718718400	284	367.260285841817
718722000	284	368.567132366591
718725600	284	368.645175317203
718729200	284	368.59741157435
718732800	284	368.289423303486
718736400	284	367.567520182746
718740000	284	362.720303327598
718743600	284	362.987888414682
718747200	284	360.608195981236
718750800	284	359.98043703433
718754400	284	359.691477751703
718758000	284	359.795770440982
718761600	285	347.96698821415
718765200	285	348.465203238073
718768800	285	344.22240387082
718772400	285	337.9644605653
718776000	285	337.53572054508
718779600	285	339.326321224689
718783200	285	361.708400939116
718786800	285	360.773081071562
718790400	285	360.314965826256
718794000	285	359.948877237818
718797600	285	359.462738038596
718801200	285	358.692419828854
718804800	285	302.870950590749
718808400	285	302.505502985341
718812000	285	294.084332267923
718815600	285	290.854081482321
718819200	285	291.934951556302
718822800	285	295.103772746755
718826400	285	329.175081910968
718830000	285	329.073776680872
718833600	285	332.544875024134
718837200	285	334.01831024094
718840800	285	334.289820102983
718844400	285	334.209579403953
718848000	286	356.937963898914
718851600	286	355.530766232072
718855200	286	357.070949160364
718858800	286	357.340593510898
718862400	286	356.460728166561
718866000	286	354.772856859314
718869600	286	280.094672283682
718873200	286	279.817118960084
718876800	286	277.679323111108
718880400	286	276.410713248757
718884000	286	275.927159680517
718887600	286	276.031671953997
718891200	286	283.760057565585
718894800	286	282.927072674907
718898400	286	286.779689880338
718902000	286	288.042670378078
718905600	286	293.835643481569
718909200	286	300.718608280347
718912800	286	332.384569853129
718916400	286	332.862248777185
718920000	286	326.514446913399
718923600	286	316.234188604602
718927200	286	318.49174247103
718930800	286	320.502221789659
718934400	287	326.981974539041
718938000	287	326.544590367041
718941600	287	324.608896568149
718945200	287	322.218360587754
718948800	287	319.375017185974
718952400	287	316.526007953492
718956000	287	287.713776297351
718959600	287	286.613971664488
718963200	287	280.740480639917
718966800	287	275.122464335874
718970400	287	271.390573662398
718974000	287	268.749669967026
718977600	287	256.597147397718
718981200	287	255.813973381773
718984800	287	255.930966877201
718988400	287	256.165570714031
718992000	287	256.250982698897
718995600	287	256.286714843037
718999200	287	257.755665177212
719002800	287	257.532370646285
719006400	287	257.882047054597
719010000	287	258.239027953339
719013600	287	258.635717531325
719017200	287	259.083535270837
719020800	288	261.67760900265
719024400	288	261.422879535188
719028000	288	260.799242509635
719031600	288	260.839441291082
719035200	288	262.29608540039
719038800	288	263.792248674606
719042400	288	258.622812981983
719046000	288	257.492841428309
719049600	288	271.343821828933
719053200	288	270.792040888863
719056800	288	266.541618160278
719060400	288	263.488703498254
719064000	288	274.70454435194
719067600	288	273.551175553843
719071200	288	267.271482636701
719074800	288	266.18196353594
719078400	288	262.672254980493
719082000	288	259.954867043157
719085600	288	254.286728320061
719089200	288	254.453707016354
719092800	288	256.812138128409
719096400	288	259.241763858047
719100000	288	261.791173278448
719103600	288	265.365326535296
719107200	289	294.81083800703
719110800	289	296.148653906916
719114400	289	290.074589180585
719118000	289	289.546108026824
719121600	289	289.033870607483
719125200	289	288.990819382005
719128800	289	273.618514169793
719132400	289	272.295250241517
719136000	289	268.698474701771
719139600	289	265.651756516616
719143200	289	263.049581940068
719146800	289	261.04456205044
719150400	289	253.129979296014
719154000	289	252.309270916682
719157600	289	251.544903288096
719161200	289	251.120562534819
719164800	289	251.067075287893
719168400	289	251.149516428614
719172000	289	252.318284080601
719175600	289	252.675349109969
719179200	289	253.194570763569
719182800	289	254.846073157823
719186400	289	257.15696717243
719190000	289	259.904798513541
719193600	290	279.62083890091
719197200	290	280.995352828475
719200800	290	280.575769395151
719204400	290	281.44279421325
719208000	290	281.949446940582
719211600	290	282.225093248728
719215200	290	277.130378275933
719218800	290	275.641224920349
719222400	290	273.414064311572
719226000	290	271.920971941972
719229600	290	270.553982851397
719233200	290	269.537451413973
719236800	290	270.750958738812
719240400	290	270.131567758521
719244000	290	270.873056734139
719247600	290	276.04519523271
719251200	290	284.815426650886
719254800	290	292.755313604341
719258400	290	337.799108793227
719262000	290	339.846938164622
719265600	290	341.610028106987
719269200	290	342.934728342669
719272800	290	344.712576009534
719276400	290	346.369456789665
719280000	291	355.635775166113
719283600	291	355.62905748045
719287200	291	355.907050873246
719290800	291	355.953024055414
719294400	291	355.896667710981
719298000	291	355.808586777786
719301600	291	354.009267598968
719305200	291	353.530258873906
719308800	291	352.282726195544
719312400	291	351.069621498367
719316000	291	350.184453328105
719319600	291	349.331148608742
719323200	291	346.55985381148
719326800	291	346.460591284043
719330400	291	347.707217345084
719334000	291	348.775635299296
719337600	291	349.464445047102
719341200	291	349.851665468396
719344800	291	344.831102991936
719348400	291	344.929651310059
719352000	291	349.072413587174
719355600	291	351.260471719087
719359200	291	352.903775647819
719362800	291	354.097504075945
719366400	292	357.830288242914
719370000	292	356.816082161563
719373600	292	356.396626907727
719377200	292	355.841413119197
719380800	292	354.626379156885
719384400	292	353.663905049052
719388000	292	355.602477410782
719391600	292	355.545989894825
719395200	292	355.713935957288
719398800	292	355.855533013718
719402400	292	355.872753970715
719406000	292	355.876231600207
719409600	292	355.808756476617
719413200	292	356.266812991345
719416800	292	355.522408703589
719420400	292	355.021789591917
719424000	292	355.033174851385
719427600	292	355.255731708136
719431200	292	358.73344499869
719434800	292	359.066606523991
719438400	292	359.576186612847
719442000	292	359.876408942596
719445600	292	360.17594949505
719449200	292	360.493346741743
719452800	293	362.998087843239
719456400	293	360.933864553742
719460000	293	362.336323141843
719463600	293	363.187473878519
719467200	293	363.630530743175
719470800	293	363.870937994215
719474400	293	365.903693403045
719478000	293	366.944716703389
719481600	293	366.321387023195
719485200	293	365.830242759073
719488800	293	365.410036772995
719492400	293	365.016933596533
719496000	293	364.7130958388
719499600	293	363.958034542821
719503200	293	364.488024783766
719506800	293	364.401928306494
719510400	293	363.848352914605
719514000	293	363.147244618322
719517600	293	357.734305475511
719521200	293	358.840799879431
719524800	293	359.040033407223
719528400	293	358.144028707013
719532000	293	357.116514470769
719535600	293	356.661253115138
719539200	294	344.015782919045
719542800	294	342.262440934958
719546400	294	352.894434772756
719550000	294	356.054516614212
719553600	294	357.111499982825
719557200	294	358.032266318705
719560800	294	366.681220362961
719564400	294	367.214222388009
719568000	294	365.836931495872
719571600	294	364.441283528239
719575200	294	362.54153254536
719578800	294	359.548602046331
719582400	294	356.64309845322
719586000	294	356.84280579415
719589600	294	358.868423836508
719593200	294	359.473643706697
719596800	294	359.055835781101
719600400	294	359.571729258944
719604000	294	361.968788050383
719607600	294	362.715950650618
719611200	294	362.844237488869
719614800	294	363.468161716564
719618400	294	364.447118070232
719622000	294	365.384530792257
719625600	295	367.083406487578
719629200	295	362.360537484624
719632800	295	361.403738170719
719636400	295	361.333382371218
719640000	295	363.940374012205
719643600	295	366.208314390603
719647200	295	374.597762814991
719650800	295	375.659513543971
719654400	295	374.098121533177
719658000	295	371.795397536926
719661600	295	369.920832822313
719665200	295	367.707291482073
719668800	295	356.657246207893
719672400	295	356.492118837662
719676000	295	362.792956278393
719679600	295	364.117980305048
719683200	295	363.370155802339
719686800	295	361.0208206202
719690400	295	357.124316831678
719694000	295	357.998119613798
719697600	295	364.271856708368
719701200	295	367.099024738764
719704800	295	367.194771017961
719708400	295	366.666804208179
719712000	296	366.899759165989
719715600	296	358.353030772057
719719200	296	361.847678274214
719722800	296	363.071292976478
719726400	296	363.471113500178
719730000	296	363.470000313218
719733600	296	360.625051379673
719737200	296	360.720238519687
719740800	296	359.117991396966
719744400	296	357.775816555684
719748000	296	357.572532867261
719751600	296	357.318748683778
719755200	296	350.342152312421
719758800	296	350.609971231355
719762400	296	352.279950938019
719766000	296	352.889989741147
719769600	296	352.37585339234
719773200	296	351.701383778897
719776800	296	337.9574357981
719780400	296	337.871926081678
719784000	296	330.062663454
719787600	296	326.759039034557
719791200	296	327.174032020997
719794800	296	328.235741561445
719798400	297	345.444186860133
719802000	297	342.142178406177
719805600	297	350.042972934681
719809200	297	352.660558545665
719812800	297	353.148414390789
719816400	297	353.192879588463
719820000	297	355.360047522044
719823600	297	353.496682920399
719827200	297	352.795099303157
719830800	297	351.371715395338
719834400	297	349.142947356457
719838000	297	344.721388118511
719841600	297	317.715398066929
719845200	297	317.793435291072
719848800	297	321.595999167985
719852400	297	320.989057174636
719856000	297	318.938395521219
719859600	297	317.841552763454
719863200	297	314.929605569307
719866800	297	315.66696599616
719870400	297	322.072173171385
719874000	297	322.98895772044
719877600	297	322.401454858806
719881200	297	321.666293676345
719884800	298	313.511798549988
719888400	298	311.377161745822
719892000	298	327.963480328737
719895600	298	335.314046438683
719899200	298	339.557946390768
719902800	298	342.471002095886
719906400	298	359.612342091568
719910000	298	357.906643693449
719913600	298	355.859086199831
719917200	298	353.497359882119
719920800	298	351.985068225843
719924400	298	350.789021179678
719928000	298	345.022187315388
719931600	298	344.744728658313
719935200	298	343.446649030775
719938800	298	342.328079545995
719942400	298	342.211712198838
719946000	298	342.531197892042
719949600	298	346.729234073571
719953200	298	347.003242475188
719956800	298	348.267434885659
719960400	298	348.110879362933
719964000	298	346.659710983977
719967600	298	343.656873032442
719971200	299	286.622832827533
719974800	299	287.371918029097
719978400	299	296.555300459536
719982000	299	308.727180320926
719985600	299	318.393227950359
719989200	299	325.348215398884
719992800	299	358.605107932516
719996400	299	358.416809920658
7.2e+08	299	358.527441099739
720003600	299	358.762463571439
720007200	299	359.389489088153
720010800	299	359.845709575813
720014400	299	362.809127231118
720018000	299	362.765814008271
720021600	299	362.144600580553
720025200	299	361.34088324694
720028800	299	360.371694105446
720032400	299	358.464619369877
720036000	299	345.912596103358
720039600	299	345.497214693016
720043200	299	347.866581874034
720046800	299	348.81114748165
720050400	299	345.950616867991
720054000	299	344.836865093203
720057600	300	313.343320361027
720061200	300	311.178562878002
720064800	300	298.658649600954
720068400	300	291.937437932301
720072000	300	288.36612807825
720075600	300	285.928718900141
720079200	300	276.65133051497
720082800	300	276.089269029952
720086400	300	274.817644665747
720090000	300	274.351646600205
720093600	300	273.807448724671
720097200	300	273.293356472593
720100800	300	289.92200278707
720104400	300	289.309442298282
720108000	300	281.033427756945
720111600	300	279.382937966534
720115200	300	279.159210269228
720118800	300	279.245943083644
720122400	300	272.358522924243
720126000	300	273.177239672541
720129600	300	275.761238359214
720133200	300	279.724042044364
720136800	300	284.053363738981
720140400	300	287.436108692283
720144000	301	286.769521058592
720147600	301	284.770774672797
720151200	301	291.464149725962
720154800	301	296.477235121316
720158400	301	294.071893969088
720162000	301	291.315415272253
720165600	301	273.506922151621
720169200	301	272.925231216209
720172800	301	270.338570909305
720176400	301	268.611228487403
720180000	301	267.397235000287
720183600	301	266.666073215624
720187200	301	264.860805604734
720190800	301	264.693029533024
720194400	301	264.402096598727
720198000	301	263.947867976179
720201600	301	263.606597148831
720205200	301	263.227161463254
720208800	301	259.634637646109
720212400	301	259.794003108836
720216000	301	260.046961788604
720219600	301	261.613101411035
720223200	301	262.880919360364
720226800	301	263.652801202609
720230400	302	272.554104327295
720234000	302	271.855110937538
720237600	302	272.003809297352
720241200	302	272.51673257031
720244800	302	272.848092613589
720248400	302	273.106926012423
720252000	302	272.457549597075
720255600	302	272.012878335296
720259200	302	271.171212026476
720262800	302	271.083451434128
720266400	302	271.042450920608
720270000	302	271.112367685529
720273600	302	271.861672926239
720277200	302	271.682761361349
720280800	302	271.084014852531
720284400	302	271.015074424432
720288000	302	271.082795809408
720291600	302	271.117816868402
720295200	302	270.541041013096
720298800	302	270.606002198895
720302400	302	271.369500913455
720306000	302	272.171890317258
720309600	302	272.922723987558
720313200	302	273.773451730759
720316800	303	283.453084242784
720320400	303	281.543290966287
720324000	303	282.824039515665
720327600	303	286.64364056387
720331200	303	288.515291253805
720334800	303	289.045379710328
720338400	303	289.178125531975
720342000	303	288.47518390896
720345600	303	286.179262947943
720349200	303	284.657064084584
720352800	303	283.785335009108
720356400	303	283.311536559426
720360000	303	281.44127257014
720363600	303	281.088513112542
720367200	303	280.513494944363
720370800	303	280.163269137841
720374400	303	279.684286738313
720378000	303	279.441778585604
720381600	303	276.784378524074
720385200	303	277.080414508207
720388800	303	283.468136754458
720392400	303	296.088251776827
720396000	303	306.539176278156
720399600	303	313.828247651359
720403200	304	350.039013499451
720406800	304	348.259791462049
720410400	304	340.605384942997
720414000	304	340.810953979193
720417600	304	343.188932347878
720421200	304	344.126749126954
720424800	304	339.811859781519
720428400	304	339.172600293431
720432000	304	339.762146050071
720435600	304	340.135101062888
720439200	304	338.566213335411
720442800	304	337.965998363821
720446400	304	355.16688606625
720450000	304	353.753318008859
720453600	304	353.767987138592
720457200	304	353.066194650788
720460800	304	351.127980954033
720464400	304	348.011371963074
720468000	304	290.743185225966
720471600	304	292.390841474951
720475200	304	296.456419057119
720478800	304	300.328244318072
720482400	304	303.345709482796
720486000	304	306.411449098287
720489600	305	319.719708493018
720493200	305	317.727697349604
720496800	305	332.315242697976
720500400	305	338.151688553944
720504000	305	340.805167714656
720507600	305	340.901886725768
720511200	305	337.606438326194
720514800	305	337.022684419721
720518400	305	336.221884914275
720522000	305	336.920145494294
720525600	305	338.561346396232
720529200	305	340.064033567232
720532800	305	344.389639920472
720536400	305	343.716804249467
720540000	305	332.73231347432
720543600	305	326.223985865518
720547200	305	324.768088775605
720550800	305	325.594304883041
720554400	305	335.117795613531
720558000	305	335.292564297442
720561600	305	330.55081960097
720565200	305	327.466644115536
720568800	305	323.657465117665
720572400	305	322.89764597611
