Unix	jday	Precipitation_rate
1177977600	121	9.87209091843502e-07
1177981200	121	1.06531677649346e-06
1177984800	121	1.23136370013038e-06
1177988400	121	1.30947137634911e-06
1177992000	121	2.23235013960598e-06
1177995600	121	3.14342455123984e-06
1177999200	121	1.95098991355089e-05
1178002800	121	2.42667308733957e-05
1178006400	121	2.54071963025192e-05
1178010000	121	2.46493776847616e-05
1178013600	121	2.39043499761011e-05
1178017200	121	2.30050814737736e-05
1178020800	121	1.35760213113535e-05
1178024400	121	1.68063986088766e-05
1178028000	121	1.97066542274104e-05
1178031600	121	2.90414797655973e-05
1178035200	121	7.95761304960525e-05
1178038800	121	0.000168474110890513
1178042400	121	0.00043219022174219
1178046000	121	0.000483385528473053
1178049600	121	0.000375817032535437
1178053200	121	0.000306324809961939
1178056800	121	0.000281584482983926
1178060400	121	0.000273754251838057
1178064000	122	0.000206033913209197
1178067600	122	0.00018224565179252
1178071200	122	0.000132844689746038
1178074800	122	0.000110287870630713
1178078400	122	0.000117756635419635
1178082000	122	0.000146150242978387
1178085600	122	0.000438193992567675
1178089200	122	0.000393501560166074
1178092800	122	0.000326469668960661
1178096400	122	0.00029500521582824
1178100000	122	0.000278727220236511
1178103600	122	0.000267471235041617
1178107200	122	0.000172057944633532
1178110800	122	0.000156015244180559
1178114400	122	0.000105153811181941
1178118000	122	8.23420965349023e-05
1178121600	122	7.58392486551909e-05
1178125200	122	6.64768715526795e-05
1178128800	122	2.22300016788025e-05
1178132400	122	1.79187847933718e-05
1178136000	122	1.4985087858445e-05
1178139600	122	1.29860746207194e-05
1178143200	122	1.29079669112243e-05
1178146800	122	1.1819040852941e-05
1178150400	123	1.21918345617827e-06
1178154000	123	2.06392541507451e-07
1178157600	123	1.16480402775049e-07
1178161200	123	1.02703045594008e-07
1178164800	123	1.02703045594008e-07
1178168400	123	8.99121398501207e-08
1178172000	123	0
1178175600	123	0
1178179200	123	0
1178182800	123	0
1178186400	123	0
1178190000	123	0
1178193600	123	0
1178197200	123	0
1178200800	123	0
1178204400	123	0
1178208000	123	0
1178211600	123	0
1178215200	123	0
1178218800	123	0
1178222400	123	0
1178226000	123	0
1178229600	123	0
1178233200	123	0
1178236800	124	0
1178240400	124	0
1178244000	124	0
1178247600	124	0
1178251200	124	0
1178254800	124	0
1178258400	124	0
1178262000	124	0
1178265600	124	0
1178269200	124	0
1178272800	124	0
1178276400	124	0
1178280000	124	0
1178283600	124	0
1178287200	124	0
1178290800	124	0
1178294400	124	0
1178298000	124	0
1178301600	124	0
1178305200	124	0
1178308800	124	0
1178312400	124	0
1178316000	124	0
1178319600	124	0
1178323200	125	0
1178326800	125	0
1178330400	125	0
1178334000	125	0
1178337600	125	0
1178341200	125	0
1178344800	125	0
1178348400	125	0
1178352000	125	0
1178355600	125	0
1178359200	125	0
1178362800	125	0
1178366400	125	0
1178370000	125	0
1178373600	125	0
1178377200	125	0
1178380800	125	0
1178384400	125	0
1178388000	125	0
1178391600	125	0
1178395200	125	0
1178398800	125	0
1178402400	125	0
1178406000	125	0
1178409600	126	0
1178413200	126	0
1178416800	126	0
1178420400	126	0
1178424000	126	0
1178427600	126	0
1178431200	126	0
1178434800	126	0
1178438400	126	0
1178442000	126	0
1178445600	126	0
1178449200	126	0
1178452800	126	0
1178456400	126	0
1178460000	126	0
1178463600	126	0
1178467200	126	0
1178470800	126	0
1178474400	126	0
1178478000	126	0
1178481600	126	0
1178485200	126	0
1178488800	126	0
1178492400	126	0
1178496000	127	3.94580172632499e-09
1178499600	127	7.81076846499608e-08
1178503200	127	7.81076846499608e-08
1178506800	127	1.56215369299922e-07
1178510400	127	1.55228918980487e-07
1178514000	127	7.81076846499608e-08
1178517600	127	0
1178521200	127	0
1178524800	127	0
1178528400	127	0
1178532000	127	0
1178535600	127	0
1178539200	127	0
1178542800	127	0
1178546400	127	0
1178550000	127	0
1178553600	127	0
1178557200	127	0
1178560800	127	0
1178564400	127	0
1178568000	127	0
1178571600	127	0
1178575200	127	0
1178578800	127	0
1178582400	128	0
1178586000	128	0
1178589600	128	0
1178593200	128	0
1178596800	128	0
1178600400	128	0
1178604000	128	0
1178607600	128	0
1178611200	128	0
1178614800	128	0
1178618400	128	0
1178622000	128	0
1178625600	128	0
1178629200	128	0
1178632800	128	0
1178636400	128	0
1178640000	128	0
1178643600	128	0
1178647200	128	0
1178650800	128	0
1178654400	128	0
1178658000	128	0
1178661600	128	0
1178665200	128	0
1178668800	129	0
1178672400	129	0
1178676000	129	0
1178679600	129	0
1178683200	129	0
1178686800	129	0
1178690400	129	0
1178694000	129	3.80673910278469e-07
1178697600	129	3.80673910278469e-07
1178701200	129	4.59768071438726e-07
1178704800	129	3.83633261685359e-07
1178708400	129	3.06512036010356e-07
1178712000	129	0
1178715600	129	0
1178719200	129	0
1178722800	129	0
1178726400	129	0
1178730000	129	9.86450431581248e-10
1178733600	129	0
1178737200	129	0
1178740800	129	1.54242468436759e-07
1178744400	129	5.78221366197121e-07
1178748000	129	4.15133775538329e-07
1178751600	129	4.14147324770308e-07
1178755200	130	1.72952076994427e-07
1178758800	130	1.65093423072006e-07
1178762400	130	3.97443567951789e-07
1178766000	130	5.53658954114171e-07
1178769600	130	4.75551277446854e-07
1178773200	130	3.97443567951789e-07
1178776800	130	0
1178780400	130	0
1178784000	130	0
1178787600	130	0
1178791200	130	0
1178794800	130	0
1178798400	130	0
1178802000	130	0
1178805600	130	0
1178809200	130	0
1178812800	130	0
1178816400	130	0
1178820000	130	0
1178823600	130	0
1178827200	130	0
1178830800	130	0
1178834400	130	0
1178838000	130	9.86450431581248e-10
1178841600	131	0
1178845200	131	0
1178848800	131	1.7361989791943e-05
1178852400	131	2.22936055672812e-05
1178856000	131	1.78029400476258e-05
1178859600	131	3.25495312420665e-05
1178863200	131	0
1178866800	131	2.61718976398516e-06
1178870400	131	1.47606216296187e-05
1178874000	131	3.08059001629159e-05
1178877600	131	3.83184294571699e-05
1178881200	131	4.79444785403078e-05
1178884800	131	8.52106915733727e-05
1178888400	131	0.000112313497673875
1178892000	131	7.47522323220111e-05
1178895600	131	5.00841517073297e-05
1178899200	131	3.78262445091149e-05
1178902800	131	3.02299504949324e-05
1178906400	131	0
1178910000	131	0
1178913600	131	0
1178917200	131	0
1178920800	131	0
1178924400	131	0
1178928000	132	0
1178931600	132	0
1178935200	132	0
1178938800	132	0
1178942400	132	0
1178946000	132	0
1178949600	132	0
1178953200	132	0
1178956800	132	0
1178960400	132	0
1178964000	132	0
1178967600	132	0
1178971200	132	0
1178974800	132	0
1178978400	132	0
1178982000	132	0
1178985600	132	0
1178989200	132	0
1178992800	132	0
1178996400	132	0
1.179e+09	132	8.00805855131233e-08
1179003600	132	8.20534866005786e-08
1179007200	132	8.00805855131233e-08
1179010800	132	8.00805855131233e-08
1179014400	133	0
1179018000	133	0
1179021600	133	0
1179025200	133	0
1179028800	133	0
1179032400	133	0
1179036000	133	0
1179039600	133	0
1179043200	133	0
1179046800	133	9.86450431581248e-10
1179050400	133	7.81076846499608e-08
1179054000	133	7.90941351936885e-08
1179057600	133	3.94580172632499e-09
1179061200	133	1.9729008631625e-09
1179064800	133	9.86450431581248e-10
1179068400	133	9.86450431581248e-10
1179072000	133	9.86450431581248e-10
1179075600	133	9.86450431581248e-10
1179079200	133	0
1179082800	133	0
1179086400	133	0
1179090000	133	0
1179093600	133	0
1179097200	133	0
1179100800	134	0
1179104400	134	0
1179108000	134	0
1179111600	134	0
1179115200	134	0
1179118800	134	0
1179122400	134	0
1179126000	134	0
1179129600	134	0
1179133200	134	0
1179136800	134	0
1179140400	134	0
1179144000	134	0
1179147600	134	1.27909056317412e-08
1179151200	134	1.03689495913443e-07
1179154800	134	4.03456189882507e-08
1179158400	134	4.03456189882507e-08
1179162000	134	4.03456189882507e-08
1179165600	134	0
1179169200	134	0
1179172800	134	0
1179176400	134	0
1179180000	134	9.86450431581248e-10
1179183600	134	9.86450431581248e-10
1179187200	135	0
1179190800	135	0
1179194400	135	0
1179198000	135	0
1179201600	135	0
1179205200	135	0
1179208800	135	0
1179212400	135	0
1179216000	135	0
1179219600	135	0
1179223200	135	0
1179226800	135	0
1179230400	135	0
1179234000	135	0
1179237600	135	0
1179241200	135	0
1179244800	135	0
1179248400	135	0
1179252000	135	0
1179255600	135	0
1179259200	135	0
1179262800	135	0
1179266400	135	0
1179270000	135	0
1179273600	136	0
1179277200	136	0
1179280800	136	0
1179284400	136	0
1179288000	136	0
1179291600	136	0
1179295200	136	0
1179298800	136	0
1179302400	136	0
1179306000	136	0
1179309600	136	0
1179313200	136	0
1179316800	136	0
1179320400	136	0
1179324000	136	0
1179327600	136	0
1179331200	136	0
1179334800	136	0
1179338400	136	0
1179342000	136	0
1179345600	136	0
1179349200	136	0
1179352800	136	0
1179356400	136	0
1179360000	137	0
1179363600	137	0
1179367200	137	0
1179370800	137	0
1179374400	137	0
1179378000	137	0
1179381600	137	0
1179385200	137	0
1179388800	137	0
1179392400	137	0
1179396000	137	0
1179399600	137	0
1179403200	137	0
1179406800	137	0
1179410400	137	0
1179414000	137	0
1179417600	137	0
1179421200	137	0
1179424800	137	0
1179428400	137	0
1179432000	137	0
1179435600	137	0
1179439200	137	0
1179442800	137	0
1179446400	138	0
1179450000	138	0
1179453600	138	0
1179457200	138	0
1179460800	138	0
1179464400	138	0
1179468000	138	0
1179471600	138	0
1179475200	138	0
1179478800	138	7.81076846499608e-08
1179482400	138	1.56215369299922e-07
1179486000	138	1.57201819619356e-07
1179489600	138	1.54242468436759e-07
1179493200	138	3.08484936873518e-07
1179496800	138	2.32350161742243e-07
1179500400	138	2.31363711422808e-07
1179504000	138	1.55228918980487e-07
1179507600	138	1.55228918980487e-07
1179511200	138	1.9729008631625e-09
1179514800	138	1.9729008631625e-09
1179518400	138	9.86450431581248e-10
1179522000	138	9.86450431581248e-10
1179525600	138	9.86450431581248e-10
1179529200	138	9.86450431581248e-10
1179532800	139	0
1179536400	139	0
1179540000	139	0
1179543600	139	0
1179547200	139	0
1179550800	139	0
1179554400	139	0
1179558000	139	0
1179561600	139	0
1179565200	139	0
1179568800	139	0
1179572400	139	0
1179576000	139	0
1179579600	139	0
1179583200	139	0
1179586800	139	0
1179590400	139	0
1179594000	139	0
1179597600	139	0
1179601200	139	0
1179604800	139	0
1179608400	139	0
1179612000	139	0
1179615600	139	0
1179619200	140	0
1179622800	140	0
1179626400	140	0
1179630000	140	0
1179633600	140	0
1179637200	140	0
1179640800	140	3.39043193342846e-06
1179644400	140	1.10393074032008e-06
1179648000	140	5.70658509767353e-07
1179651600	140	3.8076780971757e-07
1179655200	140	2.91231484496773e-07
1179658800	140	2.28263408560246e-07
1179662400	140	0
1179666000	140	0
1179669600	140	0
1179673200	140	0
1179676800	140	0
1179680400	140	0
1179684000	140	0
1179687600	140	0
1179691200	140	0
1179694800	140	0
1179698400	140	0
1179702000	140	0
1179705600	141	0
1179709200	141	0
1179712800	141	0
1179716400	141	0
1179720000	141	0
1179723600	141	0
1179727200	141	0
1179730800	141	0
1179734400	141	0
1179738000	141	0
1179741600	141	0
1179745200	141	0
1179748800	141	0
1179752400	141	0
1179756000	141	0
1179759600	141	0
1179763200	141	0
1179766800	141	0
1179770400	141	0
1179774000	141	0
1179777600	141	0
1179781200	141	0
1179784800	141	0
1179788400	141	0
1179792000	142	0
1179795600	142	0
1179799200	142	0
1179802800	142	0
1179806400	142	0
1179810000	142	0
1179813600	142	0
1179817200	142	0
1179820800	142	0
1179824400	142	0
1179828000	142	0
1179831600	142	0
1179835200	142	0
1179838800	142	9.11074308056703e-07
1179842400	142	1.89856111917806e-05
1179846000	142	4.32233234026265e-05
1179849600	142	5.68950980580098e-05
1179853200	142	6.33145177905205e-05
1179856800	142	7.68854499095084e-07
1179860400	142	1.63764121746468e-07
1179864000	142	1.26344906866569e-07
1179867600	142	3.34734144918394e-08
1179871200	142	1.96960586528099e-08
1179874800	142	1.77231580139403e-08
1179878400	143	0
1179882000	143	0
1179885600	143	0
1179889200	143	0
1179892800	143	0
1179896400	143	0
1179900000	143	0
1179903600	143	0
1179907200	143	0
1179910800	143	0
1179914400	143	0
1179918000	143	0
1179921600	143	0
1179925200	143	0
1179928800	143	0
1179932400	143	0
1179936000	143	0
1179939600	143	0
1179943200	143	0
1179946800	143	0
1179950400	143	0
1179954000	143	0
1179957600	143	0
1179961200	143	0
1179964800	144	0
1179968400	144	0
1179972000	144	0
1179975600	144	0
1179979200	144	0
1179982800	144	0
1179986400	144	0
1179990000	144	0
1179993600	144	0
1179997200	144	0
1180000800	144	0
1180004400	144	0
1180008000	144	0
1180011600	144	0
1180015200	144	0
1180018800	144	0
1180022400	144	0
1180026000	144	0
1180029600	144	0
1180033200	144	0
1180036800	144	0
1180040400	144	0
1180044000	144	0
1180047600	144	0
1180051200	145	0
1180054800	145	0
1180058400	145	0
1180062000	145	0
1180065600	145	0
1180069200	145	0
1180072800	145	0
1180076400	145	0
1180080000	145	0
1180083600	145	0
1180087200	145	0
1180090800	145	0
1180094400	145	0
1180098000	145	0
1180101600	145	0
1180105200	145	0
1180108800	145	0
1180112400	145	0
1180116000	145	0
1180119600	145	0
1180123200	145	0
1180126800	145	9.86450431581248e-10
1180130400	145	9.86450431581248e-10
1180134000	145	9.86450431581248e-10
1180137600	146	0
1180141200	146	0
1180144800	146	0
1180148400	146	0
1180152000	146	0
1180155600	146	0
1180159200	146	0
1180162800	146	0
1180166400	146	0
1180170000	146	0
1180173600	146	0
1180177200	146	0
1180180800	146	0
1180184400	146	0
1180188000	146	0
1180191600	146	0
1180195200	146	0
1180198800	146	0
1180202400	146	0
1180206000	146	0
1180209600	146	0
1180213200	146	0
1180216800	146	0
1180220400	146	0
1180224000	147	0
1180227600	147	0
1180231200	147	0
1180234800	147	0
1180238400	147	0
1180242000	147	0
1180245600	147	0
1180249200	147	0
1180252800	147	0
1180256400	147	0
1180260000	147	0
1180263600	147	0
1180267200	147	0
1180270800	147	0
1180274400	147	0
1180278000	147	0
1180281600	147	0
1180285200	147	0
1180288800	147	0
1180292400	147	0
1180296000	147	0
1180299600	147	0
1180303200	147	0
1180306800	147	0
1180310400	148	0
1180314000	148	0
1180317600	148	0
1180321200	148	0
1180324800	148	0
1180328400	148	0
1180332000	148	0
1180335600	148	0
1180339200	148	0
1180342800	148	0
1180346400	148	0
1180350000	148	0
1180353600	148	0
1180357200	148	0
1180360800	148	0
1180364400	148	0
1180368000	148	0
1180371600	148	0
1180375200	148	0
1180378800	148	0
1180382400	148	0
1180386000	148	0
1180389600	148	0
1180393200	148	0
1180396800	149	0
1180400400	149	0
1180404000	149	0
1180407600	149	0
1180411200	149	0
1180414800	149	0
1180418400	149	0
1180422000	149	0
1180425600	149	0
1180429200	149	0
1180432800	149	0
1180436400	149	0
1180440000	149	0
1180443600	149	0
1180447200	149	0
1180450800	149	0
1180454400	149	0
1180458000	149	0
1180461600	149	0
1180465200	149	0
1180468800	149	0
1180472400	149	0
1180476000	149	0
1180479600	149	0
1180483200	150	0
1180486800	150	0
1180490400	150	0
1180494000	150	0
1180497600	150	0
1180501200	150	0
1180504800	150	0
1180508400	150	0
1180512000	150	0
1180515600	150	0
1180519200	150	0
1180522800	150	0
1180526400	150	0
1180530000	150	0
1180533600	150	0
1180537200	150	0
1180540800	150	0
1180544400	150	0
1180548000	150	0
1180551600	150	0
1180555200	150	0
1180558800	150	0
1180562400	150	0
1180566000	150	0
1180569600	151	0
1180573200	151	0
1180576800	151	0
1180580400	151	0
1180584000	151	0
1180587600	151	0
1180591200	151	0
1180594800	151	0
1180598400	151	0
1180602000	151	0
1180605600	151	0
1180609200	151	0
1180612800	151	0
1180616400	151	0
1180620000	151	0
1180623600	151	0
1180627200	151	0
1180630800	151	0
1180634400	151	0
1180638000	151	0
1180641600	151	0
1180645200	151	0
1180648800	151	1.9729008631625e-09
1180652400	151	8.20534866005786e-08
