Unix	jday	Pressure
852076800	1	99715.7978827983
852080400	1	99725.7978827983
852084000	1	99735.7978827983
852087600	1	99733.062608835
852091200	1	99681.8704353714
852094800	1	99651.8704353714
852098400	1	99596.9900562619
852102000	1	99605.7978827983
852105600	1	99611.8704353714
852109200	1	99646.0996695631
852112800	1	99671.8704353714
852116400	1	99691.8704353714
852120000	1	99634.9059272164
852123600	1	99644.9059272164
852127200	1	99621.8704353714
852130800	1	99590.6782619078
852134400	1	99597.9429879445
852138000	1	99620.6782619078
852141600	1	99661.8704353714
852145200	1	99696.0996695631
852148800	1	99704.9074960994
852152400	1	99677.6427700627
852156000	1	99648.8349435264
852159600	1	99620.02711699
852163200	2	99591.8704353714
852166800	2	99578.8333746433
852170400	2	99531.8688664884
852174000	2	99487.6396322967
852177600	2	99455.7963139153
852181200	2	99434.6041404517
852184800	2	99464.6057093347
852188400	2	99465.7994516813
852192000	2	99440.028685873
852195600	2	99413.9561332999
852199200	2	99425.7994516813
852202800	2	99426.9916251449
852206400	2	99438.8349435264
852210000	2	99443.064177718
852213600	2	99425.7994516813
852217200	2	99405.7994516813
852220800	2	99411.8720042544
852224400	2	99407.6427700627
852228000	2	99377.9429879445
852231600	2	99364.9074960995
852235200	2	99361.8704353714
852238800	2	99385.7978827983
852242400	2	99375.7978827983
852246000	2	99361.5686486066
852249600	3	99412.4590353055
852253200	3	99375.4945271505
852256800	3	99388.5315878786
852260400	3	99352.7608220703
852264000	3	99308.5315878786
852267600	3	99282.7608220703
852271200	3	99230.9175036888
852274800	3	99239.7253302252
852278400	3	99242.7623909533
852282000	3	99268.5331567616
852285600	3	99272.4606041885
852289200	3	99263.6527776521
852292800	3	99219.4251123435
852296400	3	99183.3525597703
852300000	3	99157.580225079
852303600	3	99159.4235434604
852307200	3	99146.6882694972
852310800	3	99135.4960960335
852314400	3	99005.4960960335
852318000	3	99003.6527776521
852321600	3	99009.7237613422
852325200	3	99005.4945271505
852328800	3	98975.1927403857
852332400	3	98937.577087313
852336000	4	98897.2753005482
852339600	4	98827.2753005482
852343200	4	98818.4674740118
852346800	4	98810.611010275
852350400	4	98753.9482888848
852354000	4	98670.3226282227
852357600	4	98543.3628267168
852361200	4	98626.0434001114
852364800	4	98781.517085804
852368400	4	98929.3704117748
852372000	4	98971.2105923902
852375600	4	99011.2090235072
852379200	4	99039.3657051257
852382800	4	99082.4011969708
852386400	4	99134.2445153522
852390000	4	99171.5092413889
852393600	4	99199.6659230075
852397200	4	99238.4737495439
852400800	4	99202.7029837356
852404400	4	99284.546302117
852408000	4	99340.6172858071
852411600	4	99346.3880516154
852415200	4	99300.3154990423
852418800	4	99257.2784383142
852422400	5	99275.1349020511
852426000	5	99279.3625673597
852429600	5	99272.3996280878
852433200	5	99242.3996280878
852436800	5	99222.3996280878
852440400	5	99222.3996280878
852444000	5	99271.2074546241
852447600	5	99298.4721806609
852451200	5	99344.2445153522
852454800	5	99417.581793962
852458400	5	99417.581793962
852462000	5	99412.4606041885
852465600	5	99413.3525597703
852469200	5	99386.3880516154
852472800	5	99346.3880516154
852476400	5	99336.3880516154
852480000	5	99349.4235434604
852483600	5	99369.4235434604
852487200	5	99423.6527776521
852490800	5	99445.4960960335
852494400	5	99473.6527776521
852498000	5	99499.4235434604
852501600	5	99470.615716924
852505200	5	99436.3864827324
852508800	6	99450.3139301593
852512400	6	99417.2768694312
852516000	6	99425.4335510498
852519600	6	99421.5061036229
852523200	6	99384.543164351
852526800	6	99359.4235434604
852530400	6	99373.3525597703
852534000	6	99353.3525597703
852537600	6	99369.4251123435
852541200	6	99397.581793962
852544800	6	99420.6172858071
852548400	6	99456.3880516154
852552000	6	99507.581793962
852555600	6	99557.2800071973
852559200	6	99560.3154990423
852562800	6	99540.6172858071
852566400	6	99520.6172858071
852570000	6	99503.3525597703
852573600	6	99469.4251123434
852577200	6	99497.581793962
852580800	6	99498.7739674256
852584400	6	99470.3154990423
852588000	6	99433.3509908873
852591600	6	99404.543164351
852595200	7	99454.543164351
852598800	7	99408.4706117779
852602400	7	99374.2413775862
852606000	7	99368.4706117779
852609600	7	99369.4219745774
852613200	7	99381.2652929588
852616800	7	99341.5670797236
852620400	7	99356.9884873789
852624000	7	99402.7608220702
852627600	7	99462.7608220702
852631200	7	99471.5686486066
852634800	7	99488.5331567616
852638400	7	99479.7253302252
852642000	7	99480.6172858071
852645600	7	99497.581793962
852649200	7	99500.6172858071
852652800	7	99506.6898383802
852656400	7	99506.6898383802
852660000	7	99519.7253302252
852663600	7	99532.4606041885
852667200	7	99566.6898383802
852670800	7	99582.4606041885
852674400	7	99544.8449511157
852678000	7	99514.543164351
852681600	8	99512.1572485407
852685200	8	99503.3494220043
852688800	8	99540.6141480411
852692400	8	99543.6512087691
852696000	8	99524.3023536869
852699600	8	99508.5315878786
852703200	8	99480.9175036888
852706800	8	99499.7253302252
852710400	8	99568.5331567616
852714000	8	99612.7623909532
852717600	8	99619.7268991082
852721200	8	99630.9190725718
852724800	8	99677.8835807268
852728400	8	99673.6543465351
852732000	8	99746.6914072632
852735600	8	99704.8480888817
852739200	8	99656.6914072632
852742800	8	99639.7268991082
852746400	8	99625.7994516813
852750000	8	99671.8720042544
852753600	8	99735.7994516813
852757200	8	99748.8349435264
852760800	8	99725.7978827983
852764400	8	99705.7978827983
852768000	9	99728.8333746433
852771600	9	99705.7963139153
852775200	9	99715.7963139153
852778800	9	99672.7608220702
852782400	9	99667.6412011797
852786000	9	99661.8704353714
852789600	9	99624.6057093347
852793200	9	99575.7994516813
852796800	9	99541.8704353714
852800400	9	99587.6412011797
852804000	9	99628.8349435264
852807600	9	99655.7994516813
852811200	9	99678.8365124094
852814800	9	99613.065746601
852818400	9	99573.064177718
852822000	9	99513.065746601
852825600	9	99485.7994516813
852829200	9	99467.6427700628
852832800	9	99474.9074960994
852836400	9	99494.9074960994
852840000	9	99497.9445568275
852843600	9	99445.7978827983
852847200	9	99417.6427700627
852850800	9	99341.5702174896
852854400	10	99280.6766930248
852858000	10	99319.7237613422
852861600	10	99234.6041404517
852865200	10	99144.6057093347
852868800	10	99002.7639598363
852872400	10	98916.6914072632
852876000	10	98983.9545644169
852879600	10	98886.6914072632
852883200	10	98739.6706296565
852886800	10	98549.6690607735
852890400	10	98576.6914072632
852894000	10	98522.7639598363
852897600	10	98642.2300604709
852901200	10	98250.9206414549
852904800	10	98150.8643720032
852908400	10	98022.7076903846
852912000	10	97926.9369245763
852915600	10	97838.7802429577
852919200	10	97629.9161469696
852922800	10	97511.757896468
852926400	10	97482.7076903846
852930000	10	97429.6706296566
852933600	10	97376.9353556933
852937200	10	97320.8628031202
852940800	11	97332.7045526186
852944400	11	97329.6690607735
852948000	11	97313.5949393174
852951600	11	97346.6304311625
852955200	11	97431.5108102719
852958800	11	97480.9206414549
852962400	11	97445.2077139812
852966000	11	97496.7508144809
852969600	11	97508.2447747093
852973200	11	97580.0880930907
852976800	11	97613.1235849357
852980400	11	97660.3883109725
852984000	11	97665.2671211989
852987600	11	97695.5673390807
852991200	11	97711.6398916538
852994800	11	97714.6753834988
852998400	11	97751.6398916538
853002000	11	97797.7124442269
853005600	11	97791.0497228367
853009200	11	97859.5557626083
853012800	11	97920.7479360719
853016400	11	97950.7479360719
853020000	11	97990.7479360719
853023600	11	98040.7479360719
853027200	12	98214.3751656171
853030800	12	98220.4477181902
853034400	12	98255.8691258454
853038000	12	98274.6769523818
853041600	12	98291.9416784185
853045200	12	98303.4847789182
853048800	12	98397.7140131099
853052400	12	98428.6059686918
853056000	12	98441.6414605368
853059600	12	98531.6414605368
853063200	12	98594.3767345001
853066800	12	98654.3767345001
853070400	12	98717.4137952281
853074000	12	98755.5704768467
853077600	12	98785.2702589649
853081200	12	98793.4269405835
853084800	12	98789.1977063918
853088400	12	98816.1622145468
853092000	12	98848.0055329282
853095600	12	98898.0055329282
853099200	12	98983.7762987365
853102800	12	99051.0410247733
853106400	12	99054.9684722002
853110000	12	99059.1961375088
853113600	13	99144.9669033172
853117200	13	99197.0510323626
853120800	13	99227.0510323627
853124400	13	99207.0510323627
853128000	13	99205.858858899
853131600	13	99217.0526012457
853135200	13	99239.7878752089
853138800	13	99307.0526012457
853142400	13	99361.2818354373
853146000	13	99434.0171094006
853149600	13	99524.0171094006
853153200	13	99604.0171094006
853156800	13	99619.7878752089
853160400	13	99667.9445568275
853164000	13	99714.9090649825
853167600	13	99751.8720042544
853171200	13	99761.8720042544
853174800	13	99775.7994516813
853178400	13	99735.7994516813
853182000	13	99788.5347256446
853185600	13	99848.8349435264
853189200	13	99857.6412011797
853192800	13	99870.6766930248
853196400	13	99877.6396322967
853200000	14	99926.7476767148
853203600	14	99976.7476767148
853207200	14	99980.9769109065
853210800	14	99966.0981006801
853214400	14	99955.7978827983
853218000	14	99941.5686486066
853221600	14	99962.7608220703
853225200	14	100028.833374643
853228800	14	100075.797882798
853232400	14	100124.605709335
853236000	14	100160.02711699
853239600	14	100202.762390953
853243200	14	100251.868866488
853246800	14	100274.604140452
853250400	14	100265.796313915
853254000	14	100228.833374643
853257600	14	100211.568648607
853261200	14	100211.568648607
853264800	14	100258.833374643
853268400	14	100312.76082207
853272000	14	100331.568648607
853275600	14	100312.460604188
853279200	14	100299.42354346
853282800	14	100266.386482732
853286400	15	100257.578656196
853290000	15	100243.651208769
853293600	15	100199.723761342
853297200	15	100150.37490626
853300800	15	100124.604140452
853304400	15	100088.833374643
853308000	15	100087.64120118
853311600	15	100080.676693025
853315200	15	100068.833374643
853318800	15	100074.905927216
853322400	15	100094.905927216
853326000	15	100111.870435371
853329600	15	100158.834943526
853333200	15	100148.834943526
853336800	15	100081.57021749
853340400	15	100021.57021749
853344000	15	99991.5702174896
853347600	15	99981.5702174896
853351200	15	99977.340983298
853354800	15	99985.4976649165
853358400	15	99972.4606041885
853362000	15	99949.7253302252
853365600	15	99908.5315878786
853369200	15	99852.7592531872
853372800	16	99858.5300189956
853376400	16	99808.5300189956
853380000	16	99768.5300189956
853383600	16	99731.5670797236
853387200	16	99681.5670797236
853390800	16	99634.6041404517
853394400	16	99546.0981006801
853398000	16	99524.9059272165
853401600	16	99528.8333746433
853405200	16	99532.7608220702
853408800	16	99541.5686486066
853412400	16	99541.5686486066
853416000	16	99482.7623909533
853419600	16	99432.7623909533
853423200	16	99379.7253302252
853426800	16	99316.6898383802
853430400	16	99263.9545644169
853434000	16	99215.7978827983
853437600	16	99121.8704353714
853441200	16	99083.7137537528
853444800	16	99076.9900562619
853448400	16	99041.5686486066
853452000	16	99008.8333746433
853455600	16	98951.8688664884
853459200	17	98860.9784797895
853462800	17	98707.9414190615
853466400	17	98629.7847374429
853470000	17	98592.821798171
853473600	17	98542.821798171
853477200	17	98477.0510323626
853480800	17	98317.3528191274
853484400	17	98233.1251538187
853488000	17	98215.270258965
853491600	17	98133.4253717005
853495200	17	98133.4253717005
853498800	17	98069.1961375088
853502400	17	97824.9669033172
853506000	17	97760.0880930907
853509600	17	97725.858858899
853513200	17	97695.2077139812
853516800	17	97703.7137537528
853520400	17	97733.7137537528
853524000	17	97827.6412011797
853527600	17	97904.9059272164
853531200	17	97930.9769109065
853534800	17	97944.9043583334
853538400	17	97934.9027894504
853542000	17	97937.9382812955
853545600	18	97906.0949629141
853549200	18	97970.6735552587
853552800	18	98008.8302368773
853556400	18	98055.7947450323
853560000	18	98057.6380634137
853563600	18	98067.9398501785
853567200	18	98040.025548107
853570800	18	98091.8688664884
853574400	18	98151.8688664884
853578000	18	98211.8688664884
853581600	18	98228.8318057603
853585200	18	98246.096531797
853588800	18	98250.9769109065
853592400	18	98261.2771287883
853596000	18	98245.855721133
853599600	18	98270.0849553247
853603200	18	98287.9414190615
853606800	18	98330.6766930248
853610400	18	98349.7268991082
853614000	18	98500.6188546901
853617600	18	98623.6543465351
853621200	18	98697.8820118438
853624800	18	98739.4235434604
853628400	18	98773.6512087691
853632000	19	98799.7237613422
853635600	19	98872.7592531872
853639200	19	98922.7592531873
853642800	19	98979.7237613422
853646400	19	99006.6882694972
853650000	19	99049.7253302252
853653600	19	99103.9545644169
853657200	19	99169.7253302252
853660800	19	99242.7623909533
853664400	19	99320.9190725719
853668000	19	99416.9916251449
853671600	19	99505.7994516813
853675200	19	99562.7639598363
853678800	19	99678.8365124094
853682400	19	99717.6427700627
853686000	19	99741.5702174896
853689600	19	99818.5347256446
853693200	19	99882.4621730715
853696800	19	99925.4976649165
853700400	19	100019.425112343
853704000	19	100045.496096034
853707600	19	100039.42354346
853711200	19	100049.421974577
853714800	19	100050.614148041
853718400	20	100108.228232231
853722000	20	100126.384913849
853725600	20	100095.191171503
853729200	20	100072.155679658
853732800	20	100052.155679658
853736400	20	100046.384913849
853740000	20	100093.049204123
853743600	20	100173.049204123
853747200	20	100230.313930159
853750800	20	100269.421974577
853754400	20	100279.421974577
853758000	20	100314.543164351
853761600	20	100329.42354346
853765200	20	100342.157248541
853768800	20	100317.278438314
853772400	20	100339.121756696
853776000	20	100336.386482732
853779600	20	100352.157248541
853783200	20	100317.578656196
853786800	20	100359.421974577
853790400	20	100376.686700614
853794000	20	100409.421974577
853797600	20	100389.421974577
853801200	20	100369.421974577
853804800	21	100354.604140452
853808400	21	100282.459035305
853812000	21	100276.386482732
853815600	21	100319.421974577
853819200	21	100288.229801114
853822800	21	100281.567079724
853826400	21	100238.229801114
853830000	21	100245.194309269
853833600	21	100272.459035305
853837200	21	100302.459035305
853840800	21	100279.42354346
853844400	21	100275.496096034
853848000	21	100223.652777652
853851600	21	100202.459035305
853855200	21	100199.42354346
853858800	21	100225.496096034
853862400	21	100207.339414415
853866000	21	100205.496096034
853869600	21	100122.459035305
853873200	21	100172.459035305
853876800	21	100162.459035305
853880400	21	100169.42354346
853884000	21	100149.42354346
853887600	21	100114.302353687
853891200	22	100106.686700614
853894800	22	100024.602571569
853898400	22	99974.6025715687
853902000	22	99931.5670797236
853905600	22	99858.8318057603
853909200	22	99817.6396322967
853912800	22	99901.5686486066
853916400	22	99894.6057093347
853920000	22	99920.6766930248
853923600	22	99919.4829506781
853927200	22	99953.4119669881
853930800	22	99983.4119669881
853934400	22	100037.340983298
853938000	22	100039.726899108
853941600	22	100038.533156762
853945200	22	100032.762390953
853948800	22	100052.762390953
853952400	22	100082.762390953
853956000	22	100125.797882798
853959600	22	100185.797882798
853963200	22	100215.797882798
853966800	22	100201.568648607
853970400	22	100204.604140452
853974000	22	100217.639632297
853977600	23	100277.638063414
853981200	23	100264.601002686
853984800	23	100287.636494531
853988400	23	100274.601002686
853992000	23	100290.373337377
853995600	23	100307.337845532
853999200	23	100322.459035305
854002800	23	100348.531587879
854006400	23	100341.266861842
854010000	23	100350.074688378
854013600	23	100347.339414415
854017200	23	100355.496096034
854020800	23	100332.460604188
854024400	23	100311.568648607
854028000	23	100297.340983298
854031600	23	100267.340983298
854035200	23	100218.533156762
854038800	23	100188.533156762
854042400	23	100195.496096034
854046000	23	100177.339414415
854049600	23	100182.460604188
854053200	23	100172.460604188
854056800	23	100122.158817424
854060400	23	100076.386482732
854064000	24	100029.421974577
854067600	24	99999.4219745774
854071200	24	99966.3864827324
854074800	24	99916.3864827324
854078400	24	99876.3864827324
854082000	24	99846.3864827324
854085600	24	99852.4590353055
854089200	24	99849.4235434604
854092800	24	99869.4251123435
854096400	24	99870.6172858071
854100000	24	99856.3880516154
854103600	24	99856.3880516154
854107200	24	99780.6172858071
854110800	24	99757.2800071973
854114400	24	99756.3880516154
854118000	24	99736.3880516154
854121600	24	99709.4235434604
854125200	24	99679.4235434604
854128800	24	99599.4235434604
854132400	24	99629.4235434604
854136000	24	99670.615716924
854139600	24	99686.6882694972
854143200	24	99645.4945271505
854146800	24	99615.4945271505
854150400	25	99581.2652929588
854154000	25	99609.4219745774
854157600	25	99615.4945271505
854161200	25	99594.3023536869
854164800	25	99534.3023536869
854168400	25	99498.2298011138
854172000	25	99508.2298011138
854175600	25	99508.5315878786
854179200	25	99574.6041404517
854182800	25	99614.6041404517
854186400	25	99658.8333746433
854190000	25	99711.5686486066
854193600	25	99706.6898383802
854197200	25	99746.6898383802
854200800	25	99769.4251123434
854204400	25	99779.4251123435
854208000	25	99776.6898383801
854211600	25	99809.7268991082
854215200	25	99879.4251123434
854218800	25	99980.6188546901
854222400	25	100060.919072572
854226000	25	100093.954564417
854229600	25	100079.725330225
854233200	25	100076.688269497
854236800	26	100109.723761342
854240400	26	100152.759253187
854244000	26	100172.757684304
854247600	26	100175.793176149
854251200	26	100214.601002686
854254800	26	100253.408829222
854258400	26	100244.602571569
854262000	26	100301.567079724
854265600	26	100380.37490626
854269200	26	100412.76082207
854272800	26	100445.496096034
854276400	26	100479.725330225
854280000	26	100519.425112343
854283600	26	100533.652777652
854287200	26	100553.652777652
854290800	26	100539.425112343
854294400	26	100512.460604188
854298000	26	100519.425112343
854301600	26	100543.35255977
854305200	26	100620.617285807
854308800	26	100738.231369997
854312400	26	100775.194309269
854316000	26	100766.386482732
854319600	26	100749.421974577
854323200	27	100703.349422004
854326800	27	100667.276869431
854330400	27	100634.541595468
854334000	27	100583.349422004
854337600	27	100545.192740386
854341200	27	100529.421974577
854344800	27	100545.49452715
854348400	27	100562.459035305
854352000	27	100616.688269497
854355600	27	100645.496096034
854359200	27	100666.688269497
854362800	27	100708.531587879
854366400	27	100716.688269497
854370000	27	100746.688269497
854373600	27	100766.688269497
854377200	27	100778.531587879
854380800	27	100775.496096034
854384400	27	100792.460604188
854388000	27	100790.617285807
854391600	27	100822.460604188
854395200	27	100865.496096034
854398800	27	100839.42354346
854402400	27	100809.42354346
854406000	27	100760.615716924
854409600	28	100784.543164351
854413200	28	100740.313930159
854416800	28	100745.192740386
854420400	28	100732.457466422
854424000	28	100719.722192459
854427600	28	100712.457466422
854431200	28	100708.530018996
854434800	28	100731.567079724
854438400	28	100769.723761342
854442000	28	100832.459035305
854445600	28	100868.531587879
854449200	28	100886.688269497
854452800	28	100816.688269497
854456400	28	100788.533156762
854460000	28	100788.533156762
854463600	28	100762.460604188
854467200	28	100740.617285807
854470800	28	100729.42354346
854474400	28	100817.580225079
854478000	28	100823.652777652
854481600	28	100807.580225079
854485200	28	100807.580225079
854488800	28	100763.350990887
854492400	28	100704.543164351
854496000	29	100656.386482732
854499600	29	100591.506103623
854503200	29	100577.578656196
854506800	29	100552.457466422
854510400	29	100536.686700614
854514000	29	100525.494527151
854517600	29	100575.494527151
854521200	29	100582.459035305
854524800	29	100612.76082207
854528400	29	100642.76082207
854532000	29	100645.496096034
854535600	29	100644.844951116
854539200	29	100603.652777652
854542800	29	100628.772398543
854546400	29	100640.917503689
854550000	29	100590.917503689
854553600	29	100550.917503689
854557200	29	100527.882011844
854560800	29	100459.725330225
854564400	29	100489.725330225
854568000	29	100493.652777652
854571600	29	100463.652777652
854575200	29	100424.844951116
854578800	29	100390.615716924
854582400	30	100381.807890388
854586000	30	100340.614148041
854589600	30	100327.878874078
854593200	30	100281.565510841
854596800	30	100241.867297605
854600400	30	100214.904358333
854604000	30	100278.531587879
854607600	30	100266.688269497
854611200	30	100289.725330225
854614800	30	100309.725330225
854618400	30	100309.725330225
854622000	30	100299.725330225
854625600	30	100263.954564417
854629200	30	100242.762390953
854632800	30	100231.57021749
854636400	30	100218.834943526
854640000	30	100206.991625145
854643600	30	100202.762390953
854647200	30	100209.726899108
854650800	30	100220.919072572
854654400	30	100229.726899108
854658000	30	100228.533156762
854661600	30	100182.76082207
854665200	30	100123.952995534
854668800	31	100106.688269497
854672400	31	100053.651208769
854676000	31	100021.265292959
854679600	31	99985.7947450323
854683200	31	99955.7947450323
854686800	31	99935.7947450323
854690400	31	99938.8318057603
854694000	31	99971.5670797236
854697600	31	99976.9884873789
854701200	31	100004.604140452
854704800	31	100015.797882798
854708400	31	100006.68983838
854712000	31	99902.7623909533
854715600	31	99895.4976649165
854719200	31	99861.5702174896
854722800	31	99796.9916251449
854726400	31	99739.7268991082
854730000	31	99699.7268991082
854733600	31	99628.8349435264
854737200	31	99628.8349435264
854740800	31	99648.8349435264
854744400	31	99628.8333746433
854748000	31	99594.6041404517
854751600	31	99545.7963139153
