Unix	jday	dp	hs	tp
883612800	1	247.98	1.46	14.49
883623600	1	249.79	1.46	14.27
883634400	1	243.07	1.49	13.31
883645200	1	243.79	1.48	13.27
883656000	1	243.22	1.45	13.22
883666800	1	244.11	1.4	13.15
883677600	1	243.88	1.38	13.01
883688400	1	240.52	1.35	12.76
883699200	2	240.85	1.33	12.53
883710000	2	241.72	1.31	12.42
883720800	2	242.27	1.31	12.34
883731600	2	243.06	1.3	12.27
883742400	2	243.36	1.22	12.2
883753200	2	243.83	1.17	12.13
883764000	2	243.89	1.15	12.05
883774800	2	244.25	1.16	11.94
883785600	3	244.4	1.2	11.8
883796400	3	246.46	1.27	11.48
883807200	3	248.29	1.38	11.15
883818000	3	250.15	1.36	10.95
883828800	3	251.77	1.33	10.83
883839600	3	253.17	1.28	10.77
883850400	3	254.11	1.26	10.73
883861200	3	254.39	1.25	10.7
883872000	4	253.68	1.28	10.67
883882800	4	252.18	1.37	10.66
883893600	4	261.04	1.46	10.56
883904400	4	257.83	1.5	10.44
883915200	4	242.3	1.53	12.19
883926000	4	242.08	1.55	12.15
883936800	4	241.75	1.57	12.1
883947600	4	241.95	1.62	12.04
883958400	5	242.04	1.69	11.96
883969200	5	304.19	1.85	4.81
883980000	5	298.34	1.99	5.38
883990800	5	292.7	2.05	5.74
884001600	5	288.9	2	6.15
884012400	5	291.46	1.93	6.37
884023200	5	243.77	1.88	11.64
884034000	5	244.22	1.83	11.61
884044800	6	244.51	1.78	11.56
884055600	6	244.77	1.74	11.47
884066400	6	244.89	1.72	11.39
884077200	6	245.02	1.7	11.31
884088000	6	245.1	1.66	11.24
884098800	6	245.33	1.62	11.18
884109600	6	245.69	1.58	11.12
884120400	6	246.3	1.51	11.06
884131200	7	246.88	1.45	10.99
884142000	7	247.09	1.43	10.93
884152800	7	246.41	1.51	10.9
884163600	7	244.5	1.59	10.91
884174400	7	242.06	1.6	10.95
884185200	7	240.25	1.6	10.99
884196000	7	239.37	1.58	11
884206800	7	239.38	1.57	10.99
884217600	8	240	1.57	10.97
884228400	8	241.36	1.74	10.94
884239200	8	252.72	2.05	5.63
884250000	8	245.72	2.38	6.63
884260800	8	243.42	2.86	7.83
884271600	8	241.57	3.27	8.94
884282400	8	241.64	3.46	9.6
884293200	8	241.34	3.51	10.15
884304000	9	241.93	3.48	10.54
884314800	9	242.97	3.32	11.04
884325600	9	242.68	3.12	12.21
884336400	9	244.82	2.89	12.97
884347200	9	246.67	2.67	12.96
884358000	9	242.08	2.48	12.66
884368800	9	240.9	2.31	12.4
884379600	9	240.44	2.14	12.23
884390400	10	240.32	1.97	12.12
884401200	10	241.19	1.83	11.95
884412000	10	237.97	1.84	11.68
884422800	10	237.67	1.91	11.31
884433600	10	237.51	1.95	11.13
884444400	10	245.48	1.94	6.94
884455200	10	245	1.96	7.05
884466000	10	244.93	2.04	7.04
884476800	11	245.73	2.03	7.09
884487600	11	247.64	2.07	7.08
884498400	11	249.39	2.2	6.88
884509200	11	249.41	2.26	6.82
884520000	11	249.49	2.1	6.92
884530800	11	250.18	1.99	6.93
884541600	11	250.34	2.07	6.94
884552400	11	250.9	2.23	7.07
884563200	12	251.09	2.47	7.23
884574000	12	249.22	2.99	7.53
884584800	12	248.36	3.1	7.77
884595600	12	246.84	2.96	8.15
884606400	12	245.62	2.9	8.2
884617200	12	244.11	2.98	8.19
884628000	12	243.82	2.84	8.24
884638800	12	244.18	2.57	8.2
884649600	13	244.78	2.29	8.11
884660400	13	244.62	2.07	7.88
884671200	13	244.43	1.95	7.71
884682000	13	244.61	1.84	7.56
884692800	13	235.9	1.74	11.97
884703600	13	236.01	1.65	11.93
884714400	13	236.02	1.59	11.89
884725200	13	236.77	1.58	11.82
884736000	14	237.54	1.52	11.72
884746800	14	237.09	1.49	11.57
884757600	14	237.99	1.43	11.45
884768400	14	239.19	1.36	11.37
884779200	14	240.4	1.3	11.31
884790000	14	241.75	1.25	11.27
884800800	14	243.04	1.21	11.25
884811600	14	244.43	1.21	11.25
884822400	15	245.81	1.23	11.28
884833200	15	247.18	1.33	11.32
884844000	15	315.05	1.45	4.34
884854800	15	322.37	1.75	4.72
884865600	15	322.5	2.11	5.42
884876400	15	313.89	2.77	6.28
884887200	15	298.23	3.34	7.33
884898000	15	286.99	3.56	8.38
884908800	16	279.01	3.56	9.64
884919600	16	274.5	3.43	10.22
884930400	16	275.18	3.26	10.23
884941200	16	273.43	3.12	10
884952000	16	269.92	3	9.83
884962800	16	266.49	2.9	9.8
884973600	16	263.85	2.81	9.86
884984400	16	261.37	2.7	9.98
884995200	17	258.45	2.59	10.18
885006000	17	244.96	2.48	10.65
885016800	17	242.78	2.37	10.84
885027600	17	241.22	2.27	10.82
885038400	17	240.31	2.11	10.73
885049200	17	244.32	1.93	10.38
885060000	17	242.37	1.76	10.1
885070800	17	240.4	1.63	9.93
885081600	18	238.47	1.52	9.79
885092400	18	246.15	1.48	9.6
885103200	18	244.56	1.41	9.4
885114000	18	243.07	1.35	9.47
885124800	18	234.99	1.3	9.68
885135600	18	236.04	1.29	9.84
885146400	18	237.27	1.32	9.94
885157200	18	291.19	1.5	4.64
885168000	19	279.86	1.56	5.5
885178800	19	276.96	1.67	6.15
885189600	19	253.77	1.88	9.9
885200400	19	256.63	2.07	9.98
885211200	19	258.1	2.2	10.04
885222000	19	258.52	2.26	10.14
885232800	19	258.01	2.29	10.38
885243600	19	249.96	2.32	10.87
885254400	20	248.49	2.32	11.28
885265200	20	247.98	2.31	11.5
885276000	20	248.04	2.28	11.5
885286800	20	248.41	2.21	11.45
885297600	20	248.65	2.11	11.42
885308400	20	248.66	2	11.41
885319200	20	248.54	1.9	11.4
885330000	20	248.39	1.81	11.37
885340800	21	248.25	1.71	11.32
885351600	21	248.18	1.62	11.24
885362400	21	248.15	1.53	11.17
885373200	21	248.06	1.44	11.09
885384000	21	247.81	1.35	11.02
885394800	21	247.54	1.27	10.96
885405600	21	247.21	1.19	10.9
885416400	21	247.09	1.11	10.83
885427200	22	246.97	1.07	10.73
885438000	22	246.58	1.03	10.51
885448800	22	246.28	1.02	10.3
885459600	22	244.13	1.06	15.14
885470400	22	242.73	1.1	14.92
885481200	22	245.43	1.17	14.79
885492000	22	20.27	1.58	4.78
885502800	22	17.13	1.91	5.29
885513600	23	9.85	2.12	5.78
885524400	23	357.12	2.17	6.23
885535200	23	345.06	2.07	6.74
885546000	23	342.89	1.91	6.79
885556800	23	340.14	1.75	6.76
885567600	23	336.95	1.6	6.65
885578400	23	342.06	1.48	6.38
885589200	23	239.49	1.38	12.37
885600000	24	240.55	1.29	12.25
885610800	24	242.57	1.23	12.21
885621600	24	245.1	1.17	12.23
885632400	24	248.68	1.11	12.31
885643200	24	252.09	1.07	12.44
885654000	24	255.41	1.05	12.65
885664800	24	272.44	1.04	12.91
885675600	24	267.06	1.05	12.98
885686400	25	262.38	1.06	12.9
885697200	25	255.19	1.08	12.59
885708000	25	253.61	1.11	12.35
885718800	25	253.14	1.15	12.21
885729600	25	252.77	1.2	12.09
885740400	25	253.39	1.25	11.98
885751200	25	253.94	1.26	11.87
885762000	25	254.85	1.26	11.78
885772800	26	254.94	1.25	11.75
885783600	26	254.74	1.22	11.82
885794400	26	253.49	1.18	11.89
885805200	26	252.31	1.14	11.91
885816000	26	250.71	1.1	11.89
885826800	26	249.64	1.08	11.82
885837600	26	248.62	1.12	11.71
885848400	26	250.96	1.19	11.49
885859200	27	357.88	1.28	4.36
885870000	27	355.63	1.4	4.75
885880800	27	354.1	1.52	5.11
885891600	27	352.62	1.7	5.46
885902400	27	352.96	2.01	5.99
885913200	27	335.37	2.29	6.77
885924000	27	325.37	2.43	7.38
885934800	27	324.86	2.48	7.65
885945600	28	324.65	2.49	7.74
885956400	28	325.34	2.6	7.68
885967200	28	326.19	2.63	7.68
885978000	28	326.48	2.59	7.68
885988800	28	326.51	2.48	7.67
885999600	28	326.38	2.36	7.64
886010400	28	325.88	2.26	7.61
886021200	28	325.18	2.17	7.57
886032000	29	324.21	2.1	7.55
886042800	29	323.11	2.04	7.52
886053600	29	321.98	1.98	7.49
886064400	29	320.88	1.93	7.45
886075200	29	319.84	1.86	7.38
886086000	29	318.96	1.79	7.28
886096800	29	324.22	1.73	7.11
886107600	29	323.77	1.68	6.99
886118400	30	325.53	1.75	6.88
886129200	30	327.91	1.93	6.63
886140000	30	335.36	1.92	6.39
886150800	30	333.02	1.84	6.36
886161600	30	330.67	1.75	6.33
886172400	30	328.41	1.68	6.31
886183200	30	325.91	1.63	6.3
886194000	30	323.01	1.59	6.32
886204800	31	319.69	1.59	6.35
886215600	31	315.07	1.65	6.44
886226400	31	271.83	1.68	8.42
886237200	31	272.12	1.63	8.24
886248000	31	271.76	1.64	8.1
886258800	31	270.4	1.66	8.06
886269600	31	240.55	1.73	12.2
886280400	31	241.43	1.84	11.78
886291200	32	243.81	1.97	11.42
886302000	32	244.62	2.12	11.43
886312800	32	245.09	2.19	11.62
886323600	32	244.08	2.19	12.02
886334400	32	244.2	2.16	12.28
886345200	32	244.56	2.1	12.44
886356000	32	244.55	2.01	12.54
886366800	32	244.76	1.92	12.58
886377600	33	244.61	1.82	12.52
886388400	33	244.6	1.73	12.43
886399200	33	244.15	1.63	12.33
886410000	33	243.85	1.54	12.25
886420800	33	243.1	1.45	12.17
886431600	33	242.46	1.36	12.09
886442400	33	241.35	1.28	12.02
886453200	33	240.48	1.23	11.92
886464000	34	239.19	1.2	11.8
886474800	34	241.52	1.16	11.63
886485600	34	240.79	1.13	11.5
886496400	34	240.17	1.11	11.46
886507200	34	249.78	1.11	14.63
886518000	34	251.72	1.12	14.46
886528800	34	245.76	1.12	13.98
886539600	34	246.66	1.12	13.29
886550400	35	246.54	1.1	13.01
886561200	35	243.35	1.07	12.62
886572000	35	243.94	1.04	12.39
886582800	35	244.51	1	12.24
886593600	35	244.66	0.95	12.13
886604400	35	244.99	0.91	12.03
886615200	35	245.06	0.87	11.92
886626000	35	244.4	0.85	11.69
886636800	36	244.8	0.86	11.35
886647600	36	245.24	0.91	11.19
886658400	36	245.56	0.97	11.1
886669200	36	245.98	1.03	11.04
886680000	36	246.44	1.08	11
886690800	36	246.97	1.14	11.01
886701600	36	247.23	1.23	11.2
886712400	36	245.06	1.37	12.17
886723200	37	244.28	1.56	12.71
886734000	37	246.46	1.76	14.65
886744800	37	246.38	1.92	14.85
886755600	37	249.47	2.01	14.82
886766400	37	249.96	2.03	14.51
886777200	37	247.81	2.01	14.05
886788000	37	248.21	1.97	13.82
886798800	37	249.27	1.91	13.66
886809600	38	249.27	1.86	13.55
886820400	38	250.13	1.81	13.45
886831200	38	249.9	1.78	13.34
886842000	38	250.81	1.73	13.19
886852800	38	250.71	1.68	12.89
886863600	38	246.77	1.61	12.49
886874400	38	246.75	1.55	12.32
886885200	38	247.02	1.49	12.24
886896000	39	247.17	1.43	12.19
886906800	39	247.54	1.43	12.18
886917600	39	247.61	1.44	12.2
886928400	39	247.77	1.44	12.29
886939200	39	247.44	1.43	12.41
886950000	39	247.14	1.44	12.37
886960800	39	246.59	1.46	12.2
886971600	39	299.56	1.62	6.45
886982400	40	303.86	1.86	6.05
886993200	40	296.26	2.03	7.17
887004000	40	284.18	2.12	8.08
887014800	40	278.14	2.16	8.81
887025600	40	279.28	2.18	8.92
887036400	40	279.84	2.22	9.03
887047200	40	279.42	2.28	9.21
887058000	40	262.42	2.34	10.61
887068800	41	251.2	2.39	10.68
887079600	41	257.41	2.44	10.51
887090400	41	256.93	2.45	10.38
887101200	41	257.15	2.41	10.36
887112000	41	257.45	2.38	10.41
887122800	41	252.17	2.38	10.65
887133600	41	250.51	2.37	11.52
887144400	41	241.75	2.33	12.26
887155200	42	241.33	2.26	12.49
887166000	42	241.35	2.19	12.51
887176800	42	240.77	2.11	12.4
887187600	42	240.27	2.03	12.28
887198400	42	239.35	1.95	12.21
887209200	42	238.8	1.86	12.16
887220000	42	238.2	1.77	12.12
887230800	42	238.08	1.67	12.07
887241600	43	237.71	1.56	12.01
887252400	43	238	1.46	11.97
887263200	43	237.88	1.36	11.97
887274000	43	238.02	1.32	11.97
887284800	43	237.65	1.22	11.97
887295600	43	237.53	1.16	11.96
887306400	43	236.96	1.19	12
887317200	43	238.08	1.31	14.77
887328000	44	237.66	1.41	14.64
887338800	44	241.85	1.64	14.47
887349600	44	344.59	1.84	5.21
887360400	44	239.01	1.99	13.65
887371200	44	238.83	2.05	13.46
887382000	44	240.28	2.05	13.31
887392800	44	240.44	2	13.09
887403600	44	239.1	1.93	12.53
887414400	45	239.16	1.83	12.29
887425200	45	239.54	1.74	12.18
887436000	45	239.81	1.64	12.1
887446800	45	309.26	1.56	6.78
887457600	45	304.45	1.52	6.66
887468400	45	242.29	1.52	11.29
887479200	45	243.52	1.55	11.17
887490000	45	244.73	1.62	11.14
887500800	46	245.65	1.74	11.25
887511600	46	251.93	1.93	14.59
887522400	46	248.38	2.18	14.79
887533200	46	249.33	2.41	14.85
887544000	46	247.8	2.57	14.8
887554800	46	249.05	2.67	14.77
887565600	46	247.89	2.69	14.73
887576400	46	249.67	2.69	14.72
887587200	47	249.2	2.66	14.7
887598000	47	250.99	2.64	14.69
887608800	47	250.5	2.67	14.66
887619600	47	252.61	2.73	14.59
887630400	47	252.12	2.77	14.47
887641200	47	254.21	2.76	14.31
887652000	47	249.1	2.72	14.08
887662800	47	249.79	2.68	13.87
887673600	48	249.57	2.63	13.75
887684400	48	250.25	2.61	13.68
887695200	48	347.92	2.59	6.42
887706000	48	348.64	2.56	6.58
887716800	48	344.37	2.59	6.76
887727600	48	342.97	3.17	7.02
887738400	48	335.95	3.2	7.66
887749200	48	335.59	3.05	7.91
887760000	49	328.74	2.99	8.44
887770800	49	325.99	2.98	8.55
887781600	49	316.65	2.95	8.48
887792400	49	306.44	2.87	8.44
887803200	49	301.34	2.75	8.43
887814000	49	300.15	2.62	8.42
887824800	49	300.08	2.47	8.37
887835600	49	300.22	2.3	8.3
887846400	50	299.69	2.14	8.2
887857200	50	298.56	2.02	8.06
887868000	50	304.35	1.92	7.91
887878800	50	303.69	1.82	7.81
887889600	50	301.18	1.75	7.76
887900400	50	297.66	1.73	7.71
887911200	50	244.24	1.76	12.03
887922000	50	245.16	1.82	12.07
887932800	51	245.59	1.88	12.14
887943600	51	246.17	1.96	12.21
887954400	51	246.43	2.01	12.31
887965200	51	247.01	2.13	12.49
887976000	51	251.55	2.16	14.36
887986800	51	252.57	2.26	14.46
887997600	51	251.19	2.42	14.44
888008400	51	253.33	2.59	14.38
888019200	52	252.75	2.71	14.25
888030000	52	251.12	2.72	13.93
888040800	52	251.03	2.7	13.64
888051600	52	251.66	2.73	13.4
888062400	52	251.29	2.8	13.2
888073200	52	256.02	2.94	11.44
888084000	52	256.17	3.11	11.32
888094800	52	256.59	3.26	11.36
888105600	53	257.14	3.33	11.5
888116400	53	257.74	3.34	11.62
888127200	53	258.21	3.28	11.67
888138000	53	258.55	3.2	11.63
888148800	53	258.71	3.08	11.52
888159600	53	258.73	2.99	11.4
888170400	53	258.37	2.95	11.26
888181200	53	257.41	3.02	11.04
888192000	54	256	3.17	10.76
888202800	54	257.13	3.31	10.03
888213600	54	275.65	3.49	8.21
888224400	54	273.51	3.38	8.34
888235200	54	256.43	3.27	10.75
888246000	54	257.64	3.12	11.16
888256800	54	258.12	2.96	11.32
888267600	54	258.09	2.84	11.38
888278400	55	257.75	2.79	11.43
888289200	55	257.53	2.79	11.54
888300000	55	255.06	2.85	11.77
888310800	55	255.48	2.97	11.99
888321600	55	255.57	3.07	12.14
888332400	55	255.5	3.11	12.27
888343200	55	254.77	3.06	12.4
888354000	55	253.65	2.88	12.46
888364800	56	251.92	2.71	12.48
888375600	56	250.25	2.59	12.4
888386400	56	248.9	2.45	12.3
888397200	56	248.3	2.32	12.19
888408000	56	247.87	2.21	12.11
888418800	56	247.79	2.1	12.01
888429600	56	247.38	2	11.9
888440400	56	247.25	1.89	11.72
888451200	57	245.71	1.79	11.25
888462000	57	245.13	1.69	11.07
888472800	57	244.68	1.6	10.96
888483600	57	244.39	1.53	10.89
888494400	57	244.02	1.49	10.83
888505200	57	243.57	1.47	10.79
888516000	57	245.19	1.47	15.63
888526800	57	245.6	1.48	14.89
888537600	58	243.98	1.5	14.69
888548400	58	246.42	1.53	14.54
888559200	58	245.57	1.54	14.35
888570000	58	240.86	1.52	13.79
888580800	58	240.53	1.47	13.44
888591600	58	241.78	1.43	13.31
888602400	58	241.93	1.36	13.25
888613200	58	243.71	1.39	13.22
888624000	59	273.27	1.78	5.75
888634800	59	265.97	2.14	6.46
888645600	59	258.53	2.32	9.95
888656400	59	261.81	2.4	10.02
888667200	59	264.56	2.44	9.98
888678000	59	266.44	2.48	9.91
888688800	59	266.85	2.52	9.82
888699600	59	265.5	2.55	9.76
888710400	60	263.21	2.57	9.77
888721200	60	260.64	2.63	9.86
888732000	60	258.46	2.64	10.08
888742800	60	251	2.61	13.14
888753600	60	250.24	2.55	13.08
888764400	60	250.13	2.49	13
888775200	60	248.91	2.44	12.9
888786000	60	246.56	2.4	12.64
888796800	61	245.79	2.36	12.46
888807600	61	245.34	2.33	12.38
888818400	61	244.65	2.31	12.34
888829200	61	244.18	2.28	12.32
888840000	61	243.47	2.2	12.3
888850800	61	243.04	2.13	12.28
888861600	61	242.42	2.08	12.25
888872400	61	242.15	2.02	12.21
888883200	62	241.62	2.01	12.17
888894000	62	241.18	2.02	12.11
888904800	62	240.13	2.02	12.04
888915600	62	239.08	1.98	11.95
888926400	62	237.6	1.95	11.89
888937200	62	236.46	1.9	11.92
888948000	62	235.14	1.83	12.95
888958800	62	235.57	1.77	13.5
888969600	63	235.04	1.7	13.45
888980400	63	236.35	1.66	13.35
888991200	63	236.51	1.6	13.2
889002000	63	238.08	1.52	13.05
889012800	63	238.08	1.43	12.97
889023600	63	239.26	1.35	12.95
889034400	63	238.9	1.29	12.94
889045200	63	239.94	1.25	12.96
889056000	64	239.61	1.2	13.09
889066800	64	245.32	1.16	14.24
889077600	64	243.82	1.15	14.21
889088400	64	241.03	1.13	13.67
889099200	64	240.17	1.16	13.45
889110000	64	240.91	1.45	13.34
889120800	64	342.25	1.83	4.81
889131600	64	341.4	2.05	5.45
889142400	65	336.39	2.37	5.98
889153200	65	331.66	2.85	6.57
889164000	65	314.14	3.12	7.59
889174800	65	302.08	3.32	8.19
889185600	65	326.19	3.56	7.77
889196400	65	333.22	3.76	7.77
889207200	65	316.23	3.67	8.01
889218000	65	318.87	3.47	8.06
889228800	66	346.96	3.33	7.74
889239600	66	351.87	3.28	7.71
889250400	66	350.75	3.11	7.91
889261200	66	343.79	2.95	8.23
889272000	66	344.91	2.91	8.42
889282800	66	345.47	2.98	8.6
889293600	66	338.27	3.08	8.94
889304400	66	337.5	3.16	9.2
889315200	67	337.06	3.16	9.25
889326000	67	336.93	3.11	9.23
889336800	67	337.21	2.98	9.15
889347600	67	337.99	2.8	9.03
889358400	67	339.13	2.64	8.82
889369200	67	344.93	2.52	8.59
889380000	67	345.3	2.44	8.5
889390800	67	345.84	2.43	8.46
889401600	68	346.57	2.46	8.44
889412400	68	347.36	2.51	8.47
889423200	68	348.28	2.58	8.58
889434000	68	345.56	2.69	8.88
889444800	68	346.36	2.81	9.13
889455600	68	346.67	2.96	9.21
889466400	68	346.92	3.04	9.15
889477200	68	347.49	3.01	9.06
889488000	69	348.01	2.91	8.94
889498800	69	348.95	2.8	8.73
889509600	69	348.62	2.69	8.48
889520400	69	347.48	2.59	8.26
889531200	69	345.54	2.48	8.05
889542000	69	341.8	2.37	7.81
889552800	69	339.97	2.29	7.68
889563600	69	338.41	2.23	7.59
889574400	70	337.04	2.16	7.52
889585200	70	336.05	2.09	7.45
889596000	70	335.57	2.02	7.37
889606800	70	341.51	1.92	7.22
889617600	70	341.13	1.82	7.07
889628400	70	339.02	1.73	6.95
889639200	70	333.71	1.8	6.88
889650000	70	326.4	1.69	6.83
889660800	71	317.24	1.58	6.81
889671600	71	244.59	1.5	12.31
889682400	71	245.18	1.43	12.2
889693200	71	245.74	1.37	12.12
889704000	71	245.72	1.31	12.07
889714800	71	245.51	1.25	12.02
889725600	71	244.63	1.18	11.98
889736400	71	243.66	1.13	11.92
889747200	72	242.09	1.08	11.85
889758000	72	240.59	1.05	11.73
889768800	72	240.54	1.02	11.59
889779600	72	240.02	0.99	11.52
889790400	72	239.54	0.95	11.5
889801200	72	239.22	0.92	11.48
889812000	72	238.97	0.88	11.46
889822800	72	238.79	0.85	11.48
889833600	73	238.43	0.82	11.56
889844400	73	238.11	0.8	11.71
889855200	73	238.34	0.8	11.83
889866000	73	325.44	1.15	3.16
889876800	73	320.01	1.34	4.14
889887600	73	306.01	1.64	4.69
889898400	73	291.63	1.98	5.44
889909200	73	263.58	2.61	6.7
889920000	74	253.7	3.75	8.18
889930800	74	252.18	4.37	9.06
889941600	74	253.08	4.34	9.55
889952400	74	252.23	4.28	10.01
889963200	74	251.57	4.29	10.41
889974000	74	250.6	4.28	11.34
889984800	74	250.56	4.22	12.27
889995600	74	249.53	4.08	13.26
890006400	75	248.23	3.9	13.53
890017200	75	247.66	3.7	13.6
890028000	75	246.16	3.49	13.59
890038800	75	245.94	3.28	13.51
890049600	75	244.84	3.09	13.41
890060400	75	244.77	2.89	13.27
890071200	75	243.72	2.7	13.12
890082000	75	243.64	2.51	12.93
890092800	76	242.04	2.33	12.58
890103600	76	241.59	2.15	12.33
890114400	76	240.87	1.97	12.18
890125200	76	240.3	1.79	12.07
890136000	76	239.31	1.64	11.96
890146800	76	238.47	1.52	11.8
890157600	76	239.53	1.42	11.39
890168400	76	239	1.37	11.18
890179200	77	238.35	1.33	11.08
890190000	77	237.74	1.36	11.01
890200800	77	237.17	1.47	10.94
890211600	77	236.88	1.51	10.87
890222400	77	236.7	1.51	10.8
890233200	77	236.73	1.52	10.76
890244000	77	236.81	1.65	10.8
890254800	77	262.53	1.93	6.3
890265600	78	258.01	2.19	6.88
890276400	78	259.73	2.46	7.07
890287200	78	256	2.7	7.49
890298000	78	250.21	2.98	8.06
890308800	78	246.8	3.19	8.85
890319600	78	247.94	3.24	9.43
890330400	78	244.63	3.22	10.7
890341200	78	244.85	3.15	11.42
890352000	79	241.35	3.09	12.25
890362800	79	241.32	3.05	12.75
890373600	79	240.75	2.95	12.98
890384400	79	241.02	2.84	13
890395200	79	240.38	2.73	12.88
890406000	79	241.12	2.63	12.53
890416800	79	240.94	2.55	12.32
890427600	79	241.09	2.5	12.2
890438400	80	241	2.48	12.12
890449200	80	241.21	2.61	12.11
890460000	80	292.49	2.82	6.29
890470800	80	283.69	3.27	7.08
890481600	80	264.06	3.58	8.18
890492400	80	255.13	3.7	9.26
890503200	80	248.63	3.73	10
890514000	80	249.19	3.68	10.47
890524800	81	246.4	3.59	11.27
890535600	81	245.39	3.48	12.15
890546400	81	245.84	3.35	12.28
890557200	81	246.55	3.18	12.25
890568000	81	247.09	3.01	12.15
890578800	81	247.93	2.84	12.01
890589600	81	248.56	2.66	11.78
890600400	81	249.18	2.47	11.43
890611200	82	249.34	2.31	11.25
890622000	82	249.53	2.14	11.12
890632800	82	249.75	1.99	11.01
890643600	82	250.31	1.84	10.9
890654400	82	250.84	1.7	10.79
890665200	82	251.53	1.57	10.68
890676000	82	253.1	1.46	10.49
890686800	82	283.24	1.38	7.84
890697600	83	284.19	1.33	7.63
890708400	83	284.8	1.3	7.46
890719200	83	248.85	1.27	11.12
890730000	83	247.19	1.26	11.59
890740800	83	241.37	1.26	11.91
890751600	83	241.01	1.29	11.79
890762400	83	243.83	1.35	11.57
890773200	83	243.49	1.46	11.4
890784000	84	243.18	1.71	11.29
890794800	84	242.72	1.89	11.23
890805600	84	242.08	1.9	11.21
890816400	84	241.37	1.89	11.26
890827200	84	240.63	1.9	11.32
890838000	84	267.52	1.91	8.26
890848800	84	266.56	1.9	8.22
890859600	84	265.77	1.85	8.29
890870400	85	264.9	1.81	8.37
890881200	85	239.03	1.82	12.53
890892000	85	238.5	1.89	12.86
890902800	85	239.98	1.94	12.95
890913600	85	238.19	1.96	13.04
890924400	85	238.12	1.95	13.15
890935200	85	236.76	1.92	13.23
890946000	85	237.29	1.88	13.29
890956800	86	236.65	1.84	13.28
890967600	86	237.63	1.8	13.24
890978400	86	237.2	1.76	13.15
890989200	86	238.22	1.7	13.04
8.91e+08	86	237.81	1.63	12.89
891010800	86	238.19	1.56	12.56
891021600	86	237.7	1.49	12.33
891032400	86	237.41	1.42	12.18
891043200	87	236.81	1.36	12.07
891054000	87	236.79	1.29	11.97
891064800	87	236.65	1.25	11.86
891075600	87	237.01	1.31	11.73
891086400	87	16.72	1.59	4.69
891097200	87	4.79	2.7	6.11
891108000	87	342.78	4.63	8.52
891118800	87	317.81	6.49	11.06
891129600	88	308.14	7.25	12.28
891140400	88	307.41	6.89	12.41
891151200	88	308.17	6.16	12.23
891162000	88	308.5	5.43	11.9
891172800	88	306.79	4.89	11.05
891183600	88	295.67	4.49	10.47
891194400	88	291.49	4.12	10.12
891205200	88	288.79	3.79	9.96
891216000	89	287.29	3.75	9.71
891226800	89	287.52	3.93	9.22
891237600	89	282.59	4.1	9.15
891248400	89	276.77	4.23	9.36
891259200	89	260.18	4.26	9.81
891270000	89	258.6	4.16	10.08
891280800	89	258.57	4.03	10.49
891291600	89	252.67	3.91	10.93
891302400	90	252.99	3.87	11.35
891313200	90	250.18	3.89	12.17
891324000	90	250.46	3.9	12.72
891334800	90	250.17	3.86	13.43
891345600	90	248.93	3.75	13.6
891356400	90	248.64	3.56	13.72
891367200	90	247.69	3.41	13.86
891378000	90	327.57	3.83	6.25
891388800	91	314.84	5	7.63
891399600	91	303.87	5.1	8.56
891410400	91	294.11	4.78	8.83
891421200	91	291.34	4.64	9.07
891432000	91	286.56	4.75	9.26
891442800	91	274.48	4.87	9.78
891453600	91	273.4	4.85	10.27
891464400	91	273.97	5.01	10.56
891475200	92	266.39	5.09	11.14
891486000	92	260.96	5.06	11.9
891496800	92	261.39	5.01	12.28
891507600	92	261.11	4.91	12.73
891518400	92	256.7	4.75	13.27
891529200	92	256.1	4.51	13.52
891540000	92	254.55	4.26	13.53
891550800	92	253.57	4.02	13.47
891561600	93	251.89	3.85	13.35
891572400	93	251.02	3.75	13.27
891583200	93	249.13	3.71	13.2
891594000	93	248.33	3.71	13.2
891604800	93	246.64	3.77	13.21
891615600	93	245.94	3.85	13.23
891626400	93	244.49	3.81	13.27
891637200	93	244.63	3.73	13.29
891648000	94	244.22	3.63	13.29
891658800	94	245.24	3.61	13.24
891669600	94	245.37	3.74	13.15
891680400	94	246.43	3.88	12.97
891691200	94	247.52	3.95	11.91
891702000	94	248.3	3.88	12.27
891712800	94	246.54	3.74	12.97
891723600	94	246.42	3.59	13.23
891734400	95	245.24	3.42	13.37
891745200	95	245.16	3.28	13.43
891756000	95	244.19	3.1	13.45
891766800	95	244.11	2.91	13.41
891777600	95	242.91	2.72	13.33
891788400	95	242.71	2.53	13.23
891799200	95	241.22	2.41	13.11
891810000	95	241.07	2.4	12.95
891820800	96	267.88	2.43	7.5
891831600	96	267.32	2.44	7.75
891842400	96	266.44	2.43	7.89
891853200	96	239.68	2.44	12.3
891864000	96	239.58	2.47	12.48
891874800	96	240.15	2.54	12.83
891885600	96	239.84	2.59	13.18
891896400	96	241.03	2.62	13.4
891907200	97	240.87	2.62	13.52
891918000	97	241.94	2.6	13.57
891928800	97	241.5	2.56	13.53
891939600	97	242.25	2.5	13.47
891950400	97	241.66	2.41	13.4
891961200	97	242.49	2.31	13.33
891972000	97	241.97	2.2	13.25
891982800	97	242.63	2.1	13.16
891993600	98	241.86	2	13.05
892004400	98	242.19	1.92	12.92
892015200	98	241.31	1.85	12.67
892026000	98	240.99	1.77	12.51
892036800	98	240.28	1.67	12.4
892047600	98	239.87	1.59	12.34
892058400	98	239.18	1.51	12.29
892069200	98	238.93	1.45	12.25
892080000	99	238.43	1.39	12.22
892090800	99	238.53	1.33	12.2
892101600	99	238.58	1.28	12.2
892112400	99	239.01	1.26	12.22
892123200	99	238.95	1.22	12.27
892134000	99	238.99	1.24	12.32
892144800	99	238.23	1.36	12.31
892155600	99	237.87	1.49	12.2
892166400	100	237.18	1.64	12.03
892177200	100	237.23	1.84	11.9
892188000	100	237.34	1.95	11.79
892198800	100	238.43	2.06	11.78
892209600	100	239.31	2.17	11.99
892220400	100	240.44	2.26	12.52
892231200	100	242.6	2.3	13.11
892242000	100	243.41	2.3	13.24
892252800	101	242.79	2.28	13.23
892263600	101	243.31	2.26	13.18
892274400	101	242.65	2.23	13.11
892285200	101	243.24	2.19	13.03
892296000	101	242.7	2.14	12.93
892306800	101	241.21	2.08	12.83
892317600	101	240.99	2	12.7
892328400	101	241.11	1.93	12.6
892339200	102	240.95	1.85	12.51
892350000	102	241.05	1.77	12.42
892360800	102	240.76	1.68	12.34
892371600	102	240.72	1.61	12.27
892382400	102	240.29	1.53	12.22
892393200	102	240.05	1.45	12.18
892404000	102	239.37	1.37	12.18
892414800	102	238.89	1.29	12.19
892425600	103	238.08	1.21	12.2
892436400	103	237.43	1.14	12.22
892447200	103	236.72	1.16	12.24
892458000	103	236.6	1.16	12.25
892468800	103	236.21	1.21	12.25
892479600	103	352.8	1.43	4.57
892490400	103	351.45	1.61	5.11
892501200	103	346.91	1.84	5.52
892512000	104	337.84	2.37	6.2
892522800	104	324.96	2.61	7.15
892533600	104	298.59	2.57	8.2
892544400	104	296.47	2.53	8.54
892555200	104	287.13	2.55	8.86
892566000	104	284.87	2.85	9
892576800	104	282.36	3.06	8.89
892587600	104	279.61	3.15	9.06
892598400	105	277.61	3.16	9.32
892609200	105	276.38	3.15	9.59
892620000	105	271.35	3.14	9.85
892630800	105	270.94	3.09	10.01
892641600	105	270.33	2.99	10.07
892652400	105	269.37	2.87	10.07
892663200	105	268.1	2.72	10.02
892674000	105	266.67	2.55	9.9
892684800	106	265.38	2.37	9.71
892695600	106	270.64	2.22	9.53
892706400	106	268.49	2.1	9.36
892717200	106	264.92	2.01	9.28
892728000	106	260.58	1.98	9.45
892738800	106	248.54	1.97	10
892749600	106	240.14	1.97	10.96
892760400	106	240.08	1.97	11.18
892771200	107	240.13	1.97	11.4
892782000	107	238.39	1.95	11.75
892792800	107	238.1	1.93	12.13
892803600	107	238.13	1.9	12.47
892814400	107	237.84	1.88	12.63
892825200	107	238.04	1.95	12.57
892836000	107	277.02	2.32	6.14
892846800	107	266.01	2.48	7.15
892857600	108	257.48	2.48	7.79
892868400	108	249.97	2.42	8.37
892879200	108	244.34	2.34	9.06
892890000	108	240.19	2.28	11.5
892900800	108	238.41	2.3	12.12
892911600	108	239.4	2.37	12.64
892922400	108	239.79	2.44	13.5
892933200	108	244.57	2.46	14.18
892944000	109	242.6	2.43	14.55
892954800	109	244.37	2.41	14.65
892965600	109	242.5	2.47	14.66
892976400	109	243.82	2.51	14.71
892987200	109	241.13	2.5	14.81
892998000	109	242.46	2.48	14.92
893008800	109	240.25	2.48	14.98
893019600	109	242.35	2.5	15.03
893030400	110	240.88	2.44	15.07
893041200	110	243.19	2.4	15.15
893052000	110	241.72	2.35	15.23
893062800	110	243.71	2.29	15.26
893073600	110	242.07	2.2	15.14
893084400	110	243.85	2.1	14.98
893095200	110	242.11	1.98	14.82
893106000	110	243.78	1.88	14.69
893116800	111	242.18	1.78	14.58
893127600	111	244.01	1.69	14.44
893138400	111	242.58	1.59	14.24
893149200	111	239.44	1.49	13.85
893160000	111	238.63	1.42	13.64
893170800	111	239.28	1.36	13.57
893181600	111	238.49	1.29	13.55
893192400	111	239.15	1.22	13.54
893203200	112	238.52	1.15	13.52
893214000	112	239.45	1.07	13.47
893224800	112	239.12	1.04	13.41
893235600	112	240.08	1.03	13.36
893246400	112	239.49	1.01	13.3
893257200	112	240.1	1.02	13.23
893268000	112	239.23	1.04	13.14
893278800	112	239.6	1.15	13.06
893289600	113	12.9	1.45	4.39
893300400	113	5.88	1.7	5.15
893311200	113	357.75	1.78	5.48
893322000	113	352.31	1.65	5.71
893332800	113	347.49	1.51	5.78
893343600	113	335.63	1.47	5.7
893354400	113	305.63	1.45	5.61
893365200	113	283.96	1.44	5.75
893376000	114	278.85	1.48	6.05
893386800	114	284.5	1.54	8.17
893397600	114	280.69	1.59	8.02
893408400	114	277.51	1.6	7.82
893419200	114	273.9	1.6	7.94
893430000	114	247.6	1.61	9.84
893440800	114	246.55	1.58	9.78
893451600	114	245.72	1.53	9.69
893462400	115	249.89	1.47	9.28
893473200	115	249.2	1.39	9.08
893484000	115	248.52	1.31	8.94
893494800	115	253.59	1.22	8.75
893505600	115	251.85	1.14	8.3
893516400	115	250.23	1.06	8.1
893527200	115	258.76	0.99	7.8
893538000	115	256.6	0.94	7.55
893548800	116	237.09	0.91	12.16
893559600	116	237.37	0.9	12.06
893570400	116	237.66	0.9	11.92
893581200	116	240.63	0.9	11.67
893592000	116	241.47	0.9	11.38
893602800	116	242.42	0.89	11.28
893613600	116	243.3	1.12	11.26
893624400	116	244.13	1.13	11.3
893635200	117	9.79	1.23	4.15
893646000	117	4.65	1.62	4.81
893656800	117	347.74	2.04	5.65
893667600	117	339.18	2.13	6.12
893678400	117	338.68	2.12	6.36
893689200	117	338.02	2.04	6.43
893700000	117	337.83	1.94	6.44
893710800	117	337.86	1.98	6.26
893721600	118	336.34	2.23	6.28
893732400	118	324.49	2.57	6.87
893743200	118	306.69	2.9	8.08
893754000	118	307.01	3.07	8.56
893764800	118	300.15	3.06	8.96
893775600	118	299.31	2.98	9.13
893786400	118	297.44	2.86	9.2
893797200	118	295.05	2.7	9.22
893808000	119	292.75	2.52	9.19
893818800	119	290.76	2.34	9.12
893829600	119	288.56	2.14	9.01
893840400	119	285.77	2	8.82
893851200	119	282.61	1.96	8.28
893862000	119	279.35	1.81	8.02
893872800	119	275.47	1.69	7.8
893883600	119	239	1.59	13.31
893894400	120	238.3	1.52	13.3
893905200	120	239.14	1.46	13.32
893916000	120	238.48	1.41	13.34
893926800	120	239.3	1.38	13.36
893937600	120	238.68	1.34	13.37
893948400	120	239.51	1.31	13.38
893959200	120	238.95	1.28	13.38
893970000	120	239.85	1.28	13.49
893980800	121	239.29	1.32	13.99
893991600	121	245.13	1.48	14.38
894002400	121	243.75	1.55	14.35
894013200	121	245.74	1.6	14.27
894024000	121	239.35	1.64	13.76
894034800	121	274.15	1.68	6.29
894045600	121	265.47	1.78	6.48
894056400	121	247.23	2	14.88
894067200	122	246.44	2.32	14.98
894078000	122	249.47	2.68	14.87
894088800	122	249.88	3	14.67
894099600	122	252.86	3.22	14.59
894110400	122	252.36	3.3	14.8
894121200	122	253.99	3.28	15.11
894132000	122	252.25	3.3	15.15
894142800	122	252.87	3.33	14.98
894153600	123	250.76	3.29	14.81
894164400	123	251.42	3.26	14.61
894175200	123	249.59	3.2	14.43
894186000	123	250.06	3.05	14.19
894196800	123	244.22	2.9	13.73
894207600	123	244.56	2.81	13.4
894218400	123	243.94	2.7	13.18
894229200	123	244.29	2.53	13.01
894240000	124	240.69	2.35	12.83
894250800	124	240.64	2.18	12.51
894261600	124	240.39	2.04	12.32
894272400	124	240.43	1.91	12.19
894283200	124	240.1	1.79	12.11
894294000	124	239.96	1.69	12.08
894304800	124	239.38	1.62	12.08
894315600	124	238.92	1.56	12.08
894326400	125	237.98	1.5	12.09
894337200	125	237.19	1.45	12.1
894348000	125	236	1.4	12.1
894358800	125	235.18	1.35	12.11
894369600	125	234.4	1.31	12.11
894380400	125	234.46	1.27	12.13
894391200	125	234.41	1.22	12.15
894402000	125	234.82	1.18	12.17
894412800	126	234.87	1.13	12.18
894423600	126	235.25	1.13	12.18
894434400	126	235.21	1.18	12.18
894445200	126	235.51	1.28	12.2
894456000	126	27.03	1.45	4.97
894466800	126	21.43	1.67	5.58
894477600	126	11.71	1.85	6.24
894488400	126	4.76	2.13	6.65
894499200	127	358.7	2.68	7.68
894510000	127	350.97	3.48	8.58
894520800	127	320.15	4.17	10.75
894531600	127	319.8	4.42	11.14
894542400	127	319.37	4.38	11.15
894553200	127	318.65	4.14	11.01
894564000	127	317.53	3.83	10.78
894574800	127	322.22	3.66	10.36
894585600	128	316.57	3.64	10.12
894596400	128	309.79	3.67	10.06
894607200	128	302.91	3.64	10.05
894618000	128	296.39	3.54	10.03
894628800	128	289.88	3.39	9.97
894639600	128	283.28	3.22	9.85
894650400	128	289.19	3.06	9.62
894661200	128	283.2	2.91	9.41
894672000	129	277.43	2.78	9.28
894682800	129	272.11	2.63	9.13
894693600	129	294.3	2.42	8.75
894704400	129	292.93	2.31	8.49
894715200	129	250.17	2.21	11.02
894726000	129	248.81	2.1	11.23
894736800	129	308	2.07	7.54
894747600	129	302.35	2.07	7.54
894758400	130	270.78	2.07	9.09
894769200	130	269.68	2.09	9.14
894780000	130	268.47	2.19	9.13
894790800	130	267.91	2.33	9.05
894801600	130	268.45	2.4	8.96
894812400	130	269.23	2.38	8.95
894823200	130	268.94	2.35	9.1
894834000	130	254.13	2.32	11.84
894844800	131	255.06	2.25	11.64
894855600	131	254.69	2.18	11.37
894866400	131	254.02	2.1	11.18
894877200	131	252.95	1.99	11
894888000	131	251.48	1.9	10.8
894898800	131	254.77	1.8	10.53
894909600	131	253.53	1.76	10.29
894920400	131	252.03	1.68	10.07
894931200	132	250.32	1.59	9.84
894942000	132	243.63	1.5	14.63
894952800	132	242.15	1.45	14.5
894963600	132	243.98	1.52	14.35
894974400	132	271.44	1.65	6.06
894985200	132	270.84	1.81	6.81
894996000	132	271.01	1.9	7.09
895006800	132	268.88	1.97	7.19
895017600	133	261.92	2.09	7.26
895028400	133	255.04	2.22	7.61
895039200	133	251.22	2.33	8.08
895050000	133	249.98	2.39	8.7
895060800	133	251.86	2.44	9.79
895071600	133	249.46	2.48	10.4
895082400	133	248.33	2.47	11.11
895093200	133	246.9	2.38	11.3
895104000	134	245.97	2.24	11.35
895114800	134	245.55	2.09	11.3
895125600	134	245.35	1.97	11.13
895136400	134	245.67	1.85	10.91
895147200	134	246.38	1.75	10.71
895158000	134	247.83	1.63	8.82
895168800	134	246.2	1.5	8.41
895179600	134	247.65	1.38	8.19
895190400	135	249.1	1.26	8
895201200	135	248.02	1.16	7.61
895212000	135	249.76	1.11	7.37
895222800	135	249.74	1.13	7.09
895233600	135	249.57	1.15	6.34
895244400	135	238.37	1.18	13.93
895255200	135	237.91	1.23	13.69
895266000	135	239.12	1.29	13.51
895276800	136	238.68	1.37	13.33
895287600	136	267.82	1.6	5.27
895298400	136	261.07	1.94	5.89
895309200	136	252.75	2.03	6.67
895320000	136	252.47	2.01	7.14
895330800	136	248.38	1.94	7.54
895341600	136	249.16	1.89	7.82
895352400	136	246.84	1.89	8.03
895363200	137	236.12	1.94	12.49
895374000	137	237.32	2.05	12.75
895384800	137	239.11	2.16	13.05
895395600	137	241.2	2.22	13.21
895406400	137	241.84	2.25	13.26
895417200	137	243.57	2.24	13.26
895428000	137	244.06	2.2	13.22
895438800	137	245.41	2.14	13.15
895449600	138	245.62	2.07	13.02
895460400	138	244.02	1.99	12.85
895471200	138	244.04	1.92	12.66
895482000	138	244.23	1.84	12.54
895492800	138	244	1.76	12.44
895503600	138	243.87	1.67	12.39
895514400	138	243.31	1.58	12.35
895525200	138	243	1.49	12.32
895536000	139	242.43	1.4	12.29
895546800	139	242.22	1.32	12.23
895557600	139	241.76	1.25	12.14
895568400	139	241.52	1.21	12.04
895579200	139	240.84	1.22	11.95
895590000	139	240.31	1.26	11.91
895600800	139	239.49	1.32	11.93
895611600	139	6.12	1.51	5.67
895622400	140	0.07	1.73	6.29
895633200	140	356.22	1.98	6.9
895644000	140	351.97	2.22	7.5
895654800	140	346.72	2.46	8.25
895665600	140	341.94	2.67	9.1
895676400	140	337.28	2.84	9.77
895687200	140	339.71	2.98	10.33
895698000	140	334.7	3.15	10.89
895708800	141	336.87	3.29	11.47
895719600	141	328.91	3.41	11.77
895730400	141	331.26	3.54	11.82
895741200	141	332.3	3.67	11.85
895752000	141	333.02	3.77	11.74
895762800	141	340.73	3.78	11.54
895773600	141	340.89	3.78	11.34
895784400	141	340.94	3.72	11.15
895795200	142	341.12	3.57	10.95
895806000	142	348.74	3.7	10.46
895816800	142	352.35	4.06	10.14
895827600	142	353.35	4.06	10.25
895838400	142	353.54	3.88	10.28
895849200	142	353.94	3.77	10.2
895860000	142	354.19	3.62	10.1
895870800	142	354.59	3.42	10.03
895881600	143	354.7	3.24	10
895892400	143	354.02	3.05	9.97
895903200	143	352.7	2.84	9.93
895914000	143	350.41	2.61	9.92
895924800	143	347.31	2.39	9.94
895935600	143	342.8	2.18	10.08
895946400	143	336	2.02	10.34
895957200	143	326.39	1.91	10.39
895968000	144	314.03	1.87	10.17
895978800	144	301.22	1.93	9.89
895989600	144	298.78	2.02	9.55
896000400	144	289.5	2.06	9.05
896011200	144	281.27	2.05	8.45
896022000	144	279.73	1.98	8.25
896032800	144	279.52	1.84	8.17
896043600	144	250.48	1.79	14.78
896054400	145	14.61	1.87	4.21
896065200	145	327.63	2.06	5.55
896076000	145	315.81	2.28	6.32
896086800	145	306.86	2.41	6.69
896097600	145	306.75	2.42	6.88
896108400	145	306.32	2.35	6.9
896119200	145	305.46	2.23	6.88
896130000	145	303.37	2.1	6.87
896140800	146	299.45	1.99	6.93
896151600	146	277.39	1.91	9.25
896162400	146	278.67	1.86	9.63
896173200	146	278.11	1.9	9.77
896184000	146	279.33	1.77	9.77
896194800	146	279.63	1.63	9.56
896205600	146	275.01	1.55	9.3
896216400	146	267.82	1.54	9.25
896227200	147	261.19	1.54	9.32
896238000	147	256.12	1.49	9.53
896248800	147	252.57	1.41	9.89
896259600	147	251.15	1.31	10.18
896270400	147	250.42	1.21	10.35
896281200	147	252.99	1.14	10.64
896292000	147	243.76	1.11	16.44
896302800	147	246.96	1.13	16.11
896313600	148	245.22	1.16	15.77
896324400	148	246.64	1.21	14.81
896335200	148	245.23	1.3	14.59
896346000	148	247.12	1.47	14.46
896356800	148	245.83	1.53	14.32
896367600	148	243.47	1.55	13.92
896378400	148	242.24	1.55	13.51
896389200	148	242.47	1.54	13.33
896400000	149	241.79	1.53	13.17
896410800	149	242.56	1.53	13.02
896421600	149	241.93	1.57	12.9
896432400	149	241.91	1.75	13.01
896443200	149	243.77	2.02	14.22
896454000	149	247.44	2.27	14.29
896464800	149	243.66	2.4	13.95
896475600	149	245.65	2.42	13.68
896486400	150	246.54	2.46	13.53
896497200	150	248.3	2.54	13.38
896508000	150	248.96	2.55	13.21
896518800	150	250.41	2.5	12.97
896529600	150	246.05	2.4	12.53
896540400	150	247.05	2.52	12.27
896551200	150	265.01	3.04	6.83
896562000	150	257.96	3.87	7.71
896572800	151	250.66	4.82	8.88
896583600	151	246.43	5.57	10.04
896594400	151	246.6	5.69	11.7
896605200	151	246.43	5.57	12.69
896616000	151	247.89	5.26	13.22
896626800	151	249.49	4.91	13.41
896637600	151	249.58	4.6	13.62
896648400	151	250.04	4.34	13.84
896659200	152	249.36	4.09	13.96
896670000	152	249.61	3.88	13.93
896680800	152	249	3.67	13.8
896691600	152	249.49	3.46	13.63
896702400	152	249.19	3.26	13.49
896713200	152	250.11	3.11	13.38
896724000	152	250.27	3.12	13.29
896734800	152	251.79	3.39	13.22
896745600	153	273.83	3.74	7.47
896756400	153	270.78	3.74	7.96
896767200	153	259.78	3.67	8.37
896778000	153	253.5	3.7	8.82
896788800	153	253.4	3.79	9.43
896799600	153	250.89	3.89	10.15
896810400	153	249.68	3.91	11.19
896821200	153	247.3	3.81	14.22
896832000	154	245.7	3.67	14.43
896842800	154	247.54	3.53	14.46
896853600	154	246.56	3.4	14.38
896864400	154	248.73	3.25	14.27
896875200	154	245.67	3.1	14.06
896886000	154	245.93	2.95	13.86
896896800	154	245.08	2.81	13.7
896907600	154	245.22	2.69	13.57
896918400	155	244.37	2.57	13.43
896929200	155	244.59	2.46	13.27
896940000	155	243.93	2.35	13.12
896950800	155	244.51	2.22	12.9
896961600	155	242.23	2.08	12.52
896972400	155	241.91	1.93	12.31
896983200	155	241.34	1.78	12.18
896994000	155	240.98	1.64	12.08
897004800	156	240.08	1.77	11.99
897015600	156	239.04	1.59	11.87
897026400	156	238.57	1.44	11.64
897037200	156	238.49	1.34	11.4
897048000	156	238.25	1.29	11.27
897058800	156	237.96	1.26	11.21
897069600	156	237.42	1.24	11.21
897080400	156	236.68	1.21	11.36
897091200	157	33.45	1.21	5.2
897102000	157	29.34	1.27	5.3
897112800	157	18.92	1.42	5.79
897123600	157	359.52	1.73	6.75
897134400	157	353.98	2.24	7.29
897145200	157	327.38	2.67	10.98
897156000	157	330.32	2.9	10.85
897166800	157	332.69	3.03	10.79
897177600	158	335.38	3.2	10.69
897188400	158	345.06	3.34	10.44
897199200	158	346.2	3.29	10.24
897210000	158	346.88	3.11	10.07
897220800	158	347.54	2.92	9.89
897231600	158	351.42	2.78	9.59
897242400	158	351.13	2.71	9.22
897253200	158	349.91	2.66	8.95
897264000	159	348.17	2.53	8.62
897274800	159	344.62	2.42	8.42
897285600	159	340.99	2.32	8.31
897296400	159	337.61	2.23	8.22
897307200	159	334.49	2.15	8.11
897318000	159	333.49	2.07	7.93
897328800	159	331.6	1.98	7.74
897339600	159	330.16	1.9	7.61
897350400	160	329.22	1.82	7.5
897361200	160	329.09	1.74	7.39
897372000	160	325.82	1.65	7.17
897382800	160	326.13	1.58	6.94
897393600	160	248.55	1.52	15
897404400	160	250.07	1.48	14.78
897415200	160	249.27	1.48	14.6
897426000	160	250.64	1.49	14.34
897436800	161	244.94	1.71	13.68
897447600	161	245.05	1.68	13.39
897458400	161	243.89	1.63	13.25
897469200	161	243.92	1.61	13.11
897480000	161	242.99	1.51	12.91
897490800	161	241.77	1.41	12.48
897501600	161	241.3	1.32	12.3
897512400	161	241.43	1.23	12.21
897523200	162	241.44	1.12	12.14
897534000	162	241.96	1.06	12.08
897544800	162	242.34	1.03	12
897555600	162	243.11	1.04	11.88
897566400	162	243.65	1.05	11.71
897577200	162	241.3	1.05	11.55
897588000	162	241.87	1.04	11.45
897598800	162	242.5	1.04	11.38
897609600	163	243.03	1.03	11.33
897620400	163	243.64	1.02	11.3
897631200	163	244.19	1.01	11.31
897642000	163	244.81	1.01	11.39
897652800	163	245.36	1	11.55
897663600	163	251.42	0.98	12.89
897674400	163	251.66	1	14.21
897685200	163	254.14	1.03	14.21
897696000	164	251.45	1.02	13.83
897706800	164	252.44	0.98	13.36
897717600	164	252.31	0.91	13.19
897728400	164	253.12	0.85	13.01
897739200	164	252	0.83	12.73
897750000	164	252.75	0.85	12.57
897760800	164	253.59	0.94	12.64
897771600	164	188.06	1.32	3.28
897782400	165	204.18	1.39	3.64
897793200	165	255.4	1.44	12.99
897804000	165	267.67	1.47	12.04
897814800	165	266.31	1.46	11.74
897825600	165	320.84	1.42	11.61
897836400	165	307.69	1.57	11.38
897847200	165	289.48	1.44	11.23
897858000	165	272.18	1.33	11.11
897868800	166	260.54	1.28	10.95
897879600	166	253.82	1.31	10.74
897890400	166	257.73	1.37	10.12
897901200	166	254.72	1.43	9.93
897912000	166	252.65	1.45	9.85
897922800	166	251.31	1.45	9.78
897933600	166	250.13	1.41	9.67
897944400	166	255.66	1.36	9.46
897955200	167	254.26	1.28	9.25
897966000	167	252.98	1.19	9.08
897976800	167	251.71	1.12	8.91
897987600	167	260.6	1.1	8.74
897998400	167	248.74	1.17	12.43
898009200	167	248.85	1.44	12.43
898020000	167	248.68	1.81	12.37
898030800	167	253.61	2.16	16.61
898041600	168	252.05	2.44	16.26
898052400	168	254.79	2.63	16.02
898063200	168	253.3	2.71	15.72
898074000	168	254.47	2.7	15.09
898084800	168	253.27	2.63	14.78
898095600	168	254.61	2.51	14.58
898106400	168	253.12	2.36	14.42
898117200	168	254.09	2.23	14.2
898128000	169	249.84	2.17	13.86
898138800	169	249.89	2.19	13.61
898149600	169	249.23	2.23	13.45
898160400	169	249.59	2.23	13.3
898171200	169	248.91	2.22	13.15
898182000	169	253.22	2.21	7.94
898192800	169	255.91	2.25	7.63
898203600	169	257.44	2.67	7.59
898214400	170	254.15	3.06	8.3
898225200	170	250.6	3.09	8.88
898236000	170	248.99	3.03	9.4
898246800	170	248.29	2.95	10.05
898257600	170	248.55	2.91	10.54
898268400	170	249.25	2.88	11.06
898279200	170	248.57	2.86	11.41
898290000	170	244.71	2.82	11.99
898300800	171	243.84	2.75	12.24
898311600	171	243.46	2.66	12.3
898322400	171	242.89	2.54	12.29
898333200	171	242.83	2.43	12.24
898344000	171	242.72	2.32	12.19
898354800	171	243.05	2.21	12.12
898365600	171	243.27	2.11	12.06
898376400	171	243.81	2.02	11.98
898387200	172	244.17	1.94	11.88
898398000	172	244.65	1.86	11.76
898408800	172	242.31	1.77	11.55
898419600	172	242.45	1.68	11.41
898430400	172	242.58	1.58	11.32
898441200	172	242.79	1.49	11.26
898452000	172	243.06	1.41	11.22
898462800	172	243.3	1.37	11.19
898473600	173	243.34	1.41	11.16
898484400	173	243.33	1.55	11.14
898495200	173	286.05	1.73	6.12
898506000	173	284.7	2.03	6.78
898516800	173	277.65	2.33	7.55
898527600	173	269.56	2.5	8.34
898538400	173	262.71	2.54	8.86
898549200	173	264.21	2.5	8.97
898560000	174	265.96	2.41	8.96
898570800	174	267.82	2.31	8.92
898581600	174	269.53	2.21	8.86
898592400	174	271.3	2.1	8.8
898603200	174	278.84	1.99	8.67
898614000	174	279.78	1.9	8.58
898624800	174	280.46	1.81	8.52
898635600	174	281.1	1.72	8.48
898646400	175	281.58	1.62	8.43
898657200	175	281.95	1.53	8.38
898668000	175	282.14	1.43	8.32
898678800	175	282.54	1.34	8.29
898689600	175	241.22	1.29	12.43
898700400	175	251.64	1.33	12.32
898711200	175	276.32	1.67	12.01
898722000	175	298.53	2.45	11.62
898732800	176	302.22	3.44	10.99
898743600	176	303.56	4.06	10.66
898754400	176	304.39	4.29	10.7
898765200	176	304.72	4.34	10.81
898776000	176	304.37	4.27	10.9
898786800	176	303.37	4.16	10.97
898797600	176	302.06	4.04	10.98
898808400	176	300.59	3.89	10.94
898819200	177	298.91	3.8	10.93
898830000	177	296.98	3.77	10.98
898840800	177	294.95	3.88	11.09
898851600	177	293.3	3.92	11.19
898862400	177	291.54	3.62	11.24
898873200	177	289.63	3.33	11.23
898884000	177	285.29	3.1	11.13
898894800	177	278.92	2.88	11.01
898905600	178	273.04	2.66	10.9
898916400	178	268.46	2.41	10.71
898927200	178	267.71	2.17	10.42
898938000	178	266.89	1.97	10.24
898948800	178	265.57	1.84	10.15
898959600	178	263	1.75	10.15
898970400	178	247.3	1.68	11.59
898981200	178	245.61	1.61	11.53
898992000	179	244.49	1.53	11.43
899002800	179	243.73	1.46	11.34
899013600	179	243.15	1.41	11.27
899024400	179	242.72	1.35	11.2
899035200	179	242.34	1.29	11.15
899046000	179	242	1.24	11.09
899056800	179	241.66	1.19	11.03
899067600	179	241.48	1.14	10.95
899078400	180	241.36	1.1	10.84
899089200	180	241.33	1.05	10.69
899100000	180	239.43	1.02	10.51
899110800	180	238.84	0.99	10.49
899121600	180	238.75	0.96	10.62
899132400	180	242.85	0.95	10.75
899143200	180	243.16	1.03	10.8
899154000	180	243.65	1.18	10.82
899164800	181	341.27	1.51	5.97
899175600	181	338.44	2.21	6.73
899186400	181	331.41	2.71	7.6
899197200	181	332.02	2.87	7.85
899208000	181	322.34	2.89	8.06
899218800	181	322.93	2.83	8.14
899229600	181	323.49	2.71	8.14
899240400	181	324.69	2.54	8.07
899251200	182	342.92	2.59	7.83
899262000	182	341.77	2.9	8.13
899272800	182	344.76	3.21	8.44
899283600	182	345.49	3.43	8.72
899294400	182	342.62	3.52	9.16
899305200	182	342.74	3.5	9.31
899316000	182	342.72	3.48	9.49
899326800	182	339.88	3.46	9.9
899337600	183	339.63	3.41	10.15
899348400	183	337.55	3.39	10.39
899359200	183	337.75	3.21	10.86
899370000	183	335.64	3	11.21
899380800	183	331.29	2.82	11.45
899391600	183	324.61	2.64	11.48
899402400	183	274.3	2.42	10.53
899413200	183	268.28	2.2	10.12
899424000	184	264.38	2	10.01
899434800	184	261.37	1.86	10.01
899445600	184	259.16	1.8	10.08
899456400	184	257.78	1.76	10.15
899467200	184	257.07	1.73	10.18
899478000	184	256.35	1.7	10.18
899488800	184	254.92	1.69	10.16
899499600	184	252.6	1.71	10.13
899510400	185	249.82	1.79	10.1
899521200	185	247.02	1.84	10.06
899532000	185	244.47	1.85	10.02
899542800	185	242.48	1.82	10.01
899553600	185	251.08	1.8	6.57
899564400	185	238.2	1.77	12.13
899575200	185	237.43	1.74	12.94
899586000	185	237.29	1.73	12.98
899596800	186	236.18	1.73	12.95
899607600	186	236.96	1.74	12.94
899618400	186	236.23	1.75	13.01
899629200	186	236.97	1.73	13.14
899640000	186	236.06	1.7	13.2
899650800	186	236.4	1.66	13.22
899661600	186	235.44	1.61	13.2
899672400	186	236.22	1.55	13.15
899683200	187	236.03	1.48	13.06
899694000	187	237.43	1.41	12.89
899704800	187	235.56	1.34	12.48
899715600	187	236.16	1.27	12.33
899726400	187	236.45	1.2	12.26
899737200	187	237.25	1.13	12.21
899748000	187	237.84	1.11	12.16
899758800	187	250.67	1.1	16.26
899769600	188	249.41	1.14	16.14
899780400	188	251.5	1.39	15.95
899791200	188	277.14	1.81	10.67
899802000	188	286.99	2.26	10.17
899812800	188	288.18	2.69	9.77
899823600	188	297.35	2.98	9.41
899834400	188	299.91	3.13	9.18
899845200	188	302.72	3.17	9.02
899856000	189	305.23	3.13	8.87
899866800	189	318.51	3.03	8.58
899877600	189	319.93	2.93	8.4
899888400	189	321.62	2.82	8.31
899899200	189	323.79	2.73	8.26
899910000	189	325.71	2.64	8.22
899920800	189	327.02	2.54	8.16
899931600	189	327.42	2.43	8.08
899942400	190	330.56	2.3	7.94
899953200	190	329.82	2.17	7.8
899964000	190	331.22	2.14	7.65
899974800	190	335.34	2.31	7.48
899985600	190	338.9	2.51	7.52
899996400	190	341.17	2.72	7.63
900007200	190	339.36	2.88	7.79
900018000	190	339.47	2.97	8.37
900028800	191	336.17	3.01	8.56
900039600	191	333.14	2.99	8.73
900050400	191	328.18	2.91	8.99
900061200	191	323.81	2.77	9.12
900072000	191	319.94	2.64	9.13
900082800	191	316.2	2.55	9.09
900093600	191	312.53	2.56	9
900104400	191	308.81	2.65	8.9
900115200	192	251.83	2.78	15.87
900126000	192	251.47	2.89	15.5
900136800	192	250.48	2.97	14.79
900147600	192	251.74	2.96	14.4
900158400	192	248.6	2.88	13.96
900169200	192	248.55	2.75	13.65
900180000	192	247.45	2.73	13.5
900190800	192	263.9	2.81	8.61
900201600	193	255.35	2.83	8.54
900212400	193	254.15	2.74	8.51
900223200	193	255.55	2.54	8.45
900234000	193	257.79	2.28	8.31
900244800	193	254.86	2.03	7.91
900255600	193	242.7	1.81	12.12
900266400	193	241.31	1.65	12.05
900277200	193	239.9	1.54	11.97
900288000	194	237.96	1.49	11.85
900298800	194	237.09	1.48	11.7
900309600	194	238.13	1.5	11.46
900320400	194	238.09	1.53	11.35
900331200	194	238.31	1.56	11.33
900342000	194	238.64	1.58	11.39
900352800	194	238.78	1.59	11.55
900363600	194	238	1.59	11.9
900374400	195	237.73	1.58	12.26
900385200	195	237.82	1.58	12.6
900396000	195	237.58	1.57	12.86
900406800	195	239.39	1.57	13.07
900417600	195	238.78	1.57	13.18
900428400	195	239.63	1.58	13.33
900439200	195	239.01	1.58	13.43
900450000	195	239.71	1.59	13.57
900460800	196	238.84	1.57	13.62
900471600	196	239.29	1.56	13.61
900482400	196	238.26	1.53	13.53
900493200	196	238.71	1.51	13.44
900504000	196	237.86	1.49	13.33
900514800	196	238.63	1.72	13.23
900525600	196	238.07	1.61	13.1
900536400	196	239.03	1.52	12.92
900547200	197	236.96	1.46	12.6
900558000	197	237.25	1.41	12.42
900568800	197	236.99	1.36	12.32
900579600	197	236.87	1.31	12.27
900590400	197	236.23	1.27	12.24
900601200	197	238.2	1.45	12.21
900612000	197	246.1	1.35	12.13
900622800	197	258.26	1.34	12.05
900633600	198	266.87	1.37	11.98
900644400	198	267.93	1.42	11.92
900655200	198	262.91	1.47	11.83
900666000	198	254.17	1.52	11.75
900676800	198	245.33	1.58	6.77
900687600	198	246.26	1.64	6.75
900698400	198	247.67	1.67	6.77
900709200	198	249.28	1.66	6.83
900720000	199	251.06	1.64	6.94
900730800	199	252.2	1.63	7.06
900741600	199	252.92	1.66	7.23
900752400	199	253.74	1.68	7.46
900763200	199	231.21	1.69	11.9
900774000	199	231.81	1.68	12.07
900784800	199	232.29	1.67	12.13
900795600	199	233.1	1.65	12.14
900806400	200	233.35	1.62	12.12
900817200	200	233.79	1.58	12.09
900828000	200	233.68	1.53	12.05
900838800	200	233.8	1.47	11.99
900849600	200	233.58	1.39	11.91
900860400	200	233.78	1.3	11.79
900871200	200	236.53	1.21	11.51
900882000	200	236.29	1.11	11.28
900892800	201	235.94	1.04	11.16
900903600	201	235.58	1.08	11.1
900914400	201	235.3	1.16	11.07
900925200	201	354.24	1.34	5.52
900936000	201	347.11	1.72	6.01
900946800	201	302.6	2.21	9.73
900957600	201	314.85	2.65	9.22
900968400	201	314.33	2.9	9.09
900979200	202	313.2	2.95	9
900990000	202	311.58	2.87	8.89
901000800	202	322.07	2.74	8.7
901011600	202	319.79	2.61	8.5
901022400	202	316.95	2.48	8.38
901033200	202	313.76	2.34	8.31
901044000	202	311.35	2.21	8.21
901054800	202	310.32	2.17	8.02
901065600	203	328.18	2.39	7.65
901076400	203	327.84	2.93	7.63
901087200	203	319.38	3.61	8.04
901098000	203	324.95	4.2	8.51
901108800	203	318.6	4.45	9.01
901119600	203	317.87	4.42	9.3
901130400	203	316.61	4.36	9.63
901141200	203	300.75	4.38	9.99
901152000	204	299.04	4.38	10.22
901162800	204	297.23	4.31	10.41
901173600	204	295.39	4.19	10.44
901184400	204	292.95	4.08	10.33
901195200	204	289.28	4.04	10.24
901206000	204	284.67	4.02	10.23
901216800	204	280.23	3.96	10.27
901227600	204	276.31	3.83	10.33
901238400	205	272.61	3.64	10.37
901249200	205	268.85	3.38	10.36
901260000	205	265.14	3.08	10.29
901270800	205	261.55	2.76	10.19
901281600	205	258.14	2.45	10.07
901292400	205	255.44	2.17	9.94
901303200	205	252.82	1.92	9.76
901314000	205	255.84	1.72	9.46
901324800	206	252.13	1.56	9.3
901335600	206	249.32	1.45	9.26
901346400	206	246.94	1.37	9.27
901357200	206	245.3	1.32	9.36
901368000	206	244.41	1.29	9.57
901378800	206	237.89	1.29	9.83
901389600	206	236.97	1.34	10.01
901400400	206	243.89	1.58	14.58
901411200	207	242.35	1.54	14.3
901422000	207	238.34	1.53	13.78
901432800	207	237.89	1.53	13.58
901443600	207	238.85	1.54	13.52
901454400	207	238.14	1.55	13.48
901465200	207	238.98	1.59	13.47
901476000	207	238.45	1.58	13.42
901486800	207	239.43	1.55	13.38
901497600	208	239.08	1.51	13.32
901508400	208	240.14	1.47	13.27
901519200	208	240	1.44	13.2
901530000	208	241.19	1.41	13.12
901540800	208	241.13	1.37	13.01
901551600	208	242.26	1.34	12.94
901562400	208	242.05	1.3	12.9
901573200	208	243.05	1.25	12.89
901584000	209	242.84	1.19	12.88
901594800	209	243.76	1.13	12.88
901605600	209	243.54	1.09	12.88
901616400	209	244.34	1.09	12.91
901627200	209	244.07	1.16	12.95
901638000	209	30.78	1.34	4.5
901648800	209	23.76	1.57	4.89
901659600	209	358.68	2.08	5.88
901670400	210	330.24	3.04	7.45
901681200	210	318.93	3.63	8.46
901692000	210	305.49	3.85	9.45
901702800	210	296.56	3.87	9.91
901713600	210	297.74	3.8	10.05
901724400	210	299.4	3.68	10.08
901735200	210	300.85	3.66	10.11
901746000	210	301.12	3.75	10.16
901756800	211	300.63	3.93	10.3
901767600	211	292.43	4.17	10.69
901778400	211	292.36	4.39	11.03
901789200	211	292.35	4.51	11.17
901800000	211	292.1	4.5	11.25
901810800	211	291.51	4.41	11.27
901821600	211	290.6	4.25	11.23
901832400	211	289.09	4.06	11.17
901843200	212	286.93	3.87	11.08
901854000	212	284.05	3.69	10.97
901864800	212	280.54	3.52	10.82
901875600	212	281.38	3.35	10.51
901886400	212	278.46	3.2	10.27
901897200	212	276.1	3.09	10.14
901908000	212	274.68	3.02	10
901918800	212	287.81	3.02	9.29
901929600	213	293.38	3.14	8.6
901940400	213	290.14	3.2	8.6
901951200	213	287.05	3.28	8.64
901962000	213	284.77	3.37	8.63
901972800	213	282.79	3.49	8.5
901983600	213	244.08	3.62	12.02
901994400	213	245.31	3.79	11.95
902005200	213	246.57	3.97	11.88
902016000	214	246.77	4.14	11.95
902026800	214	247.12	4.22	12.34
902037600	214	246.22	4.22	13.24
902048400	214	246.89	4.14	13.43
902059200	214	246.55	3.98	13.48
902070000	214	246.97	3.78	13.47
902080800	214	246.14	3.55	13.4
902091600	214	246.23	3.29	13.28
902102400	215	245.43	3.07	13.08
902113200	215	243.88	2.86	12.67
902124000	215	242.8	2.68	12.42
902134800	215	241.93	2.5	12.29
902145600	215	240.91	2.35	12.2
902156400	215	240.38	2.19	12.09
902167200	215	239.84	2.05	11.95
902178000	215	239.2	1.91	11.67
902188800	216	238.37	1.78	11.37
902199600	216	237.71	1.65	11.26
902210400	216	237.08	1.53	11.19
902221200	216	236.56	1.39	11.13
902232000	216	236.18	1.26	11.08
902242800	216	236.21	1.15	11.05
902253600	216	269.72	1.08	7.11
902264400	216	272.59	1.07	7.17
902275200	217	266.54	1.12	8.07
902286000	217	269.29	1.23	8.24
902296800	217	270.4	1.35	8.29
902307600	217	271.45	1.46	8.26
902318400	217	272.46	1.53	8.17
902329200	217	273.69	1.61	8.1
902340000	217	275.13	1.71	8.02
902350800	217	285.04	1.86	7.69
902361600	218	288.23	2.08	7.53
902372400	218	291.5	2.36	7.62
902383200	218	284.58	2.75	8.27
902394000	218	277.51	2.98	8.86
902404800	218	278.45	3.01	9.17
902415600	218	279.11	2.91	9.27
902426400	218	279.92	2.74	9.26
902437200	218	280.91	2.54	9.17
902448000	219	281.88	2.33	9.07
902458800	219	282.58	2.13	8.96
902469600	219	282.77	1.94	8.85
902480400	219	289.71	1.75	8.58
902491200	219	289.69	1.58	8.31
902502000	219	289.33	1.57	8.11
902512800	219	291.01	1.39	7.91
902523600	219	290.51	1.26	7.78
902534400	220	289.39	1.1	7.71
902545200	220	248.91	0.98	12.23
902556000	220	249.04	0.9	12.15
902566800	220	249.36	0.9	12.05
902577600	220	249.32	0.96	11.91
902588400	220	254.73	1	11.6
902599200	220	254	0.98	11.15
902610000	220	253.55	0.94	10.99
902620800	221	248.01	0.95	16.27
902631600	221	250.23	1.11	16.14
902642400	221	358.81	1.35	9.27
902653200	221	0.08	1.6	9.49
902664000	221	353.16	1.79	9.68
902674800	221	359.96	1.95	8.79
902685600	221	4.78	2.07	8.76
902696400	221	359.16	2.15	8.84
902707200	222	359.55	2.23	8.91
902718000	222	1.61	2.38	8.92
902728800	222	2.59	2.54	9.19
902739600	222	1.37	2.63	9.4
902750400	222	358.4	2.64	9.32
902761200	222	354.24	2.6	9.17
902772000	222	349.69	2.52	8.97
902782800	222	356.74	2.44	8.78
902793600	223	352.5	2.4	8.55
902804400	223	348.04	2.4	8.33
902815200	223	245.28	2.41	14.06
902826000	223	245.65	2.42	13.82
902836800	223	245.23	2.42	13.65
902847600	223	246.03	2.39	13.56
902858400	223	245.78	2.3	13.52
902869200	223	246.25	2.25	13.53
902880000	224	245.44	2.31	13.56
902890800	224	245.36	2.48	13.59
902901600	224	244.19	2.6	13.54
902912400	224	244.41	2.61	13.46
902923200	224	243.9	2.57	13.35
902934000	224	244.72	2.5	13.22
902944800	224	244.52	2.42	13.06
902955600	224	245.19	2.33	12.84
902966400	225	245.1	2.26	12.47
902977200	225	245.14	2.19	12.32
902988000	225	244.82	2.12	12.23
902998800	225	244.74	2.05	12.16
903009600	225	244.42	1.97	12.11
903020400	225	244.31	1.86	12.07
903031200	225	243.97	1.92	12.02
903042000	225	243.84	1.77	11.97
903052800	226	243.43	1.61	11.91
903063600	226	243.27	1.5	11.83
903074400	226	242.87	1.44	11.72
903085200	226	242.37	1.39	11.48
903096000	226	242.13	1.35	11.32
903106800	226	241.98	1.31	11.2
903117600	226	241.81	1.29	11.12
903128400	226	241.62	1.3	11.05
903139200	227	241.38	1.33	11
903150000	227	241.09	1.38	10.95
903160800	227	240.71	1.43	10.91
903171600	227	240.39	1.45	10.87
903182400	227	259.14	1.54	5.89
903193200	227	255.19	1.73	6.45
903204000	227	248.51	1.99	7.1
903214800	227	243.6	2.15	7.64
903225600	228	243.67	2.18	7.98
903236400	228	244.19	2.18	8.2
903247200	228	243.93	2.27	8.15
903258000	228	243.33	2.34	8.17
903268800	228	243.61	2.36	8.23
903279600	228	244.73	2.33	8.31
903290400	228	245.83	2.29	8.27
903301200	228	246.5	2.28	8.01
903312000	229	246.92	2.25	7.85
903322800	229	247.83	2.19	7.83
903333600	229	237.25	2.12	12.74
903344400	229	237.38	2.02	12.74
903355200	229	237.09	1.91	12.68
903366000	229	237.15	1.79	12.62
903376800	229	236.84	1.68	12.55
903387600	229	236.89	1.75	12.48
903398400	230	236.55	1.56	12.41
903409200	230	236.58	1.44	12.34
903420000	230	236.19	1.35	12.26
903430800	230	236.18	1.29	12.19
903441600	230	235.8	1.23	12.12
903452400	230	235.83	1.18	12.06
903463200	230	235.47	1.14	12
903474000	230	235.52	1.09	11.94
903484800	231	235.29	1.03	11.88
903495600	231	235.47	0.97	11.82
903506400	231	235.34	0.94	11.75
903517200	231	233.66	0.91	11.65
903528000	231	233.54	0.89	11.53
903538800	231	233.55	0.87	11.46
903549600	231	233.59	0.89	11.44
903560400	231	233.68	1.06	11.47
903571200	232	239.2	1.31	5.82
903582000	232	242.3	1.56	6.41
903592800	232	242.32	1.86	7.08
903603600	232	242.59	2.03	7.86
903614400	232	243.46	2.12	8.53
903625200	232	243.86	2.12	8.99
903636000	232	242.18	2.1	9.28
903646800	232	240.87	2.06	9.46
903657600	233	239.99	2.04	9.59
903668400	233	239.23	2.07	9.52
903679200	233	238.28	2.15	8.83
903690000	233	237.36	2.2	8.32
903700800	233	237.54	2.2	8.26
903711600	233	238.77	2.12	8.18
903722400	233	239.42	2	7.94
903733200	233	241.15	1.86	7.76
903744000	234	242.65	1.72	7.58
903754800	234	243.68	1.59	7.37
903765600	234	245.76	1.48	7.11
903776400	234	234.77	1.36	11.48
903787200	234	234.14	1.25	11.54
903798000	234	233.66	1.14	11.54
903808800	234	233.28	1.03	11.48
903819600	234	233.1	0.94	11.4
903830400	235	233.16	0.92	11.28
903841200	235	331.9	1.19	3.62
903852000	235	328.57	1.64	4.79
903862800	235	325.18	2.08	5.61
903873600	235	288.71	2.76	9.59
903884400	235	278.91	3.54	11.23
903895200	235	280.77	4.03	11.53
903906000	235	282.61	4.26	11.41
903916800	236	284.13	4.28	11.27
903927600	236	285.76	4.16	11.13
903938400	236	287.32	3.95	10.95
903949200	236	288.69	3.71	10.73
903960000	236	294.58	3.48	10.35
903970800	236	295.11	3.28	10.15
903981600	236	294.28	3.09	10.04
903992400	236	291.8	2.98	9.99
904003200	237	287.36	2.92	9.99
904014000	237	282.39	2.88	10.03
904024800	237	278.81	2.92	10.1
904035600	237	283.46	2.96	9.87
904046400	237	332.63	2.97	8.95
904057200	237	343.87	3.03	9.3
904068000	237	341.08	3.12	9.7
904078800	237	349.92	3.39	10.14
904089600	238	354.45	3.79	10.63
904100400	238	347.51	4.07	10.93
904111200	238	347.22	4.1	10.88
904122000	238	347.23	3.95	10.72
904132800	238	351.6	3.71	10.43
904143600	238	352.16	3.43	10.19
904154400	238	353.05	3.14	10
904165200	238	354	2.85	9.79
904176000	239	356.29	2.6	9.43
904186800	239	356.6	2.37	9.19
904197600	239	355.73	2.2	9.02
904208400	239	353.01	2.08	8.81
904219200	239	342.75	2	8.49
904230000	239	337.67	1.95	8.4
904240800	239	333.4	1.92	8.37
904251600	239	329.89	1.89	8.36
904262400	240	326.61	1.85	8.34
904273200	240	323.62	1.82	8.31
904284000	240	320.89	1.76	8.25
904294800	240	318.61	1.7	8.15
904305600	240	327.37	1.63	7.96
904316400	240	326.49	1.58	7.76
904327200	240	325.58	1.56	7.64
904338000	240	324.51	1.59	7.55
904348800	241	322.69	1.62	7.44
904359600	241	246.62	1.67	14.27
904370400	241	243.45	1.77	13.91
904381200	241	244.61	1.88	13.7
904392000	241	260.42	2.11	6.46
904402800	241	259.18	2.4	7.11
904413600	241	255.97	2.49	7.86
904424400	241	252.82	2.56	8.44
904435200	242	243.47	2.49	13.18
904446000	242	244.09	2.41	13.11
904456800	242	243.92	2.32	13.05
904467600	242	244.88	2.26	12.97
904478400	242	244.95	2.21	12.89
904489200	242	242.71	2.19	12.74
904500000	242	243.12	2.19	12.7
904510800	242	243.84	2.19	12.75
904521600	243	244.28	2.18	12.85
904532400	243	249.38	2.15	12.93
904543200	243	249.62	2.11	12.94
904554000	243	250.63	2.04	12.9
904564800	243	246.49	1.97	12.83
904575600	243	247.09	1.88	12.6
904586400	243	247.37	1.79	12.41
904597200	243	247.87	1.7	12.25
904608000	244	248.01	1.62	12.13
904618800	244	248.37	1.53	12.04
904629600	244	248.35	1.45	11.96
904640400	244	248.51	1.36	11.86
904651200	244	248.28	1.28	11.71
904662000	244	245.64	1.21	11.31
904672800	244	245.59	1.16	11.12
904683600	244	245.42	1.11	11.01
904694400	245	244.96	1.07	10.95
904705200	245	244.26	1.03	10.93
904716000	245	243.22	1.01	10.94
904726800	245	241.94	1	11
904737600	245	240.34	0.99	11.09
904748400	245	238.81	0.99	11.25
904759200	245	237.35	1.05	11.53
904770000	245	277.47	1.22	5.49
904780800	246	281.16	1.35	5.76
904791600	246	280.69	1.42	5.91
904802400	246	267.07	1.39	6.15
904813200	246	135.51	1.58	3.58
904824000	246	130.67	1.61	4.26
904834800	246	127.65	1.47	4.34
904845600	246	235.19	1.31	12.06
904856400	246	235.74	1.21	11.99
904867200	247	235.9	1.15	11.94
904878000	247	236.62	1.11	11.89
904888800	247	237.04	1.09	11.83
904899600	247	237.76	1.08	11.79
904910400	247	238.05	1.07	11.79
904921200	247	238.54	1.05	11.81
904932000	247	238.7	1.04	11.81
904942800	247	239.18	1.03	11.79
904953600	248	239.35	1	11.76
904964400	248	235.79	0.95	11.68
904975200	248	236.37	0.91	11.5
904986000	248	352.33	1.04	3.34
904996800	248	314.66	1.36	5.68
905007600	248	310.53	2.07	6.57
905018400	248	290.42	2.57	7.31
905029200	248	290.11	2.74	7.68
905040000	249	289.82	2.76	7.85
905050800	249	286.09	2.71	8.04
905061600	249	285.88	2.67	8.16
905072400	249	284.74	2.6	8.21
905083200	249	283.94	2.51	8.28
905094000	249	284.26	2.41	8.35
905104800	249	284.98	2.34	8.39
905115600	249	285.8	2.29	8.42
905126400	250	286.01	2.29	8.42
905137200	250	285.86	2.34	8.42
905148000	250	285.28	2.45	8.41
905158800	250	284.73	2.56	8.4
905169600	250	283.22	2.71	8.36
905180400	250	279.63	2.9	8.32
905191200	250	275.69	3.06	8.35
905202000	250	273.53	3.16	8.45
905212800	251	271.66	3.27	8.56
905223600	251	270	3.42	8.73
905234400	251	260.66	3.67	9.03
905245200	251	256.46	3.92	9.38
905256000	251	252.13	4.09	10.15
905266800	251	246.8	4.12	13.92
905277600	251	246.54	4.04	14.07
905288400	251	246.85	3.9	14
905299200	252	246.09	3.73	13.81
905310000	252	246.22	3.56	13.7
905320800	252	245.37	3.39	13.59
905331600	252	245.48	3.23	13.51
905342400	252	244.52	3.07	13.43
905353200	252	244.52	2.91	13.36
905364000	252	243.42	2.75	13.29
905374800	252	243.29	2.58	13.21
905385600	253	242	2.44	13.11
905396400	253	241.63	2.35	12.96
905407200	253	241.01	2.33	12.66
905418000	253	240.64	2.38	12.47
905428800	253	255.63	2.49	7.5
905439600	253	253.63	2.54	7.74
905450400	253	252.56	2.55	7.94
905461200	253	250.23	2.53	8.08
905472000	254	249.58	2.48	8.14
905482800	254	249.72	2.38	8.16
905493600	254	249.9	2.27	8.11
905504400	254	250.19	2.14	8.02
905515200	254	251.92	2.02	7.84
905526000	254	236.16	1.9	11.29
905536800	254	236.05	1.79	11.41
905547600	254	236.13	1.71	11.46
905558400	255	236.19	1.65	11.44
905569200	255	236.41	1.61	11.4
905580000	255	236.67	1.6	11.36
905590800	255	237.16	1.57	11.33
905601600	255	237.72	1.53	11.32
905612400	255	238.39	1.49	11.32
905623200	255	239.03	1.44	11.32
905634000	255	239.74	1.38	11.32
905644800	256	240.4	1.32	11.32
905655600	256	241.1	1.26	11.31
905666400	256	241.74	1.19	11.3
905677200	256	242.4	1.11	11.29
905688000	256	243.01	1.02	11.3
905698800	256	243.53	0.94	11.32
905709600	256	244.04	0.88	11.34
905720400	256	244.64	0.92	11.37
905731200	257	354.99	1.16	4.14
905742000	257	345.25	1.55	4.97
905752800	257	345.78	1.99	5.76
905763600	257	337.88	2.61	6.64
905774400	257	334.3	3.09	7.59
905785200	257	327.04	3.42	8.56
905796000	257	319.96	3.58	9.06
905806800	257	322.51	3.59	9.18
905817600	258	325.66	3.49	9.14
905828400	258	329.93	3.34	9.07
905839200	258	334.99	3.19	9.05
905850000	258	340.21	3.03	9.08
905860800	258	344.47	2.86	9.13
905871600	258	348.91	2.85	9.1
905882400	258	352.59	3.36	9.04
905893200	258	354.38	4.43	9.12
905904000	259	354.51	4.44	9.32
905914800	259	355.06	4.11	9.47
905925600	259	355.14	3.78	9.52
905936400	259	354.3	3.48	9.49
905947200	259	352.1	3.23	9.42
905958000	259	348.24	3.06	9.35
905968800	259	342.57	2.98	9.3
905979600	259	335.2	2.98	9.32
905990400	260	326.67	3.05	9.51
906001200	260	294.03	3.17	9.97
906012000	260	251.73	3.27	16.01
906022800	260	253.86	3.3	15.62
906033600	260	251.48	3.27	15.23
906044400	260	252.88	3.18	15
906055200	260	251.25	3.06	14.86
906066000	260	252.31	2.93	14.71
906076800	261	250.78	2.79	14.57
906087600	261	251.31	2.65	14.39
906098400	261	247.67	2.5	14.05
906109200	261	246.91	2.34	13.59
906120000	261	245.27	2.21	13.4
906130800	261	244.78	2.13	13.28
906141600	261	243.31	2.1	13.16
906152400	261	243.19	2.11	13.06
906163200	262	241.98	2.11	12.97
906174000	262	242.29	2.12	12.94
906184800	262	241.58	2.13	12.96
906195600	262	242.46	2.12	12.96
906206400	262	242.66	2.11	12.85
906217200	262	242.75	2.08	12.59
906228000	262	242.75	2.05	12.39
906238800	262	243.25	2.02	12.28
906249600	263	243.5	1.98	12.2
906260400	263	243.93	1.93	12.15
906271200	263	243.98	1.9	12.11
906282000	263	244.08	1.85	12.08
906292800	263	243.79	1.85	12.06
906303600	263	243.6	2.1	12.06
906314400	263	270.45	2.41	7.26
906325200	263	265.56	2.59	7.58
906336000	264	264.52	2.63	7.75
906346800	264	265.97	2.62	8
906357600	264	268	2.62	8.18
906368400	264	269.83	2.54	8.39
906379200	264	270.7	2.44	8.57
906390000	264	270.95	2.36	8.7
906400800	264	270.26	2.3	8.68
906411600	264	269.28	2.26	8.62
906422400	265	268.24	2.22	8.55
906433200	265	267.61	2.16	8.54
906444000	265	266.67	2.11	8.53
906454800	265	265.74	2.03	8.54
906465600	265	245.21	1.95	10.02
906476400	265	244.65	1.86	10.11
906487200	265	243.96	1.79	10.2
906498000	265	243.16	1.73	10.4
906508800	266	237.86	1.69	11.08
906519600	266	238.18	1.65	11.37
906530400	266	238.86	1.61	11.36
906541200	266	239.81	1.56	11.34
906552000	266	240.73	1.51	11.38
906562800	266	241.71	1.48	11.48
906573600	266	244.38	1.47	11.73
906584400	266	244.83	1.49	12.05
906595200	267	244.95	1.54	12.23
906606000	267	245.38	1.64	12.37
906616800	267	245.57	1.8	12.48
906627600	267	315.93	2.03	5.1
906638400	267	278.86	2.23	8.64
906649200	267	277	2.59	9.14
906660000	267	273.84	3.11	9.87
906670800	267	269.89	3.42	11.26
906681600	268	271	3.55	11.67
906692400	268	272.35	3.53	11.61
906703200	268	273.51	3.41	11.38
906714000	268	274.3	3.22	11.16
906724800	268	274.68	3	10.96
906735600	268	280.64	2.78	10.63
906746400	268	280.25	2.56	10.07
906757200	268	283.22	2.37	9.51
906768000	269	282.02	2.22	9.15
906778800	269	244.35	2.13	12.32
906789600	269	242.87	2.08	12.35
906800400	269	241.91	2	12.31
906811200	269	241.09	1.94	12.24
906822000	269	348.26	2.16	6.76
906832800	269	345.48	2.61	7.69
906843600	269	340.18	2.89	8.19
906854400	270	341.96	2.96	8.39
906865200	270	343.19	2.86	8.45
906876000	270	341.44	2.7	8.45
906886800	270	323.63	2.66	8.42
906897600	270	286.65	2.64	8.39
906908400	270	265.3	2.52	8.41
906919200	270	256.02	2.32	8.35
906930000	270	253.64	2.08	8.23
906940800	271	250.39	1.84	7.92
906951600	271	251.18	1.65	7.53
906962400	271	251.46	1.56	7.09
906973200	271	246.45	1.52	13.31
906984000	271	246.63	1.54	13.34
906994800	271	247.71	1.59	13.28
907005600	271	247.64	1.64	13.12
907016400	271	246.53	1.67	12.79
907027200	272	246.47	1.69	12.62
907038000	272	246.61	1.68	12.55
907048800	272	246.47	1.64	12.54
907059600	272	246.56	1.57	12.61
907070400	272	246.43	1.49	12.77
907081200	272	248.14	1.41	13.2
907092000	272	248.1	1.33	13.34
907102800	272	249.02	1.29	13.29
907113600	273	249.27	1.28	13.22
907124400	273	250.25	1.34	13.12
907135200	273	249.85	1.48	12.91
907146000	273	260.41	1.66	11.63
907156800	273	261.5	1.87	11.41
907167600	273	261.56	2.15	11.24
907178400	273	260.79	2.38	11.08
907189200	273	259.77	2.52	10.93
907200000	274	258.38	2.64	10.75
907210800	274	265.84	2.72	10.34
907221600	274	272.86	2.73	8.19
907232400	274	271.73	2.74	8.63
907243200	274	248.84	2.78	11.95
907254000	274	249.19	2.85	12.31
907264800	274	249.6	2.99	12.61
907275600	274	252.33	3.19	13
907286400	275	252.33	3.53	13.3
907297200	275	277.14	4.23	8.04
907308000	275	274.46	4.65	8.59
907318800	275	268.52	4.44	9.06
907329600	275	269.33	4.15	9.23
907340400	275	270.03	3.85	9.25
907351200	275	270.09	3.57	9.16
907362000	275	269.42	3.34	9.03
907372800	276	253.49	3.16	14.18
907383600	276	250.13	3.03	13.8
907394400	276	249.38	2.9	13.57
907405200	276	249.67	2.77	13.4
907416000	276	249.09	2.65	13.28
907426800	276	249.52	2.53	13.17
907437600	276	249.08	2.38	13.07
907448400	276	249.51	2.31	12.98
907459200	277	248.82	2.37	12.87
907470000	277	286.24	2.42	7.74
907480800	277	286.12	2.47	7.73
907491600	277	285.91	2.51	7.75
907502400	277	285.02	2.55	7.81
907513200	277	284.23	2.68	7.86
907524000	277	281.5	3.05	7.88
907534800	277	269.62	3.42	8.59
907545600	278	259.77	3.69	9.2
907556400	278	256.07	3.93	9.88
907567200	278	258.66	4.15	10.18
907578000	278	260.48	4.21	10.48
907588800	278	263.27	4.09	10.85
907599600	278	264.01	3.87	10.95
907610400	278	264	3.62	10.96
907621200	278	263.34	3.38	10.94
907632000	279	262.19	3.17	10.89
907642800	279	260.89	2.98	10.82
907653600	279	259.53	2.8	10.72
907664400	279	260.83	2.6	10.54
907675200	279	260.02	2.37	10.35
907686000	279	259.11	2.16	10.23
907696800	279	257.99	2.08	10.15
907707600	279	256.89	1.98	10.07
907718400	280	353.97	2.03	5.33
907729200	280	339.01	2.39	6.1
907740000	280	339.18	2.85	6.84
907750800	280	333.38	3.19	7.73
907761600	280	284.46	3.59	12.03
907772400	280	285.73	3.95	11.86
907783200	280	296.19	4.28	11.55
907794000	280	298.4	4.61	11.21
907804800	281	299.74	4.86	10.99
907815600	281	300.28	4.95	10.82
907826400	281	299.63	4.88	10.69
907837200	281	314.72	4.7	10.46
907848000	281	312.63	4.51	10.27
907858800	281	310.53	4.34	10.14
907869600	281	308.42	4.12	9.99
907880400	281	306.05	3.92	9.73
907891200	282	327.75	3.71	9.5
907902000	282	325.74	3.49	9.33
907912800	282	323.59	3.26	9.17
907923600	282	321.48	3.04	9.01
907934400	282	319.51	2.83	8.84
907945200	282	332.81	2.63	8.63
907956000	282	331.63	2.45	8.48
907966800	282	330.04	2.28	8.37
907977600	283	327.9	2.16	8.27
907988400	283	325.84	2.08	8.16
907999200	283	323.79	2.01	8.02
908010000	283	328.31	2.04	7.82
908020800	283	327.87	1.96	7.71
908031600	283	328.26	1.87	7.65
908042400	283	330.32	1.81	7.62
908053200	283	238.84	1.87	14.73
908064000	284	237.87	1.8	14.64
908074800	284	240.36	1.77	14.55
908085600	284	239.37	1.81	14.36
908096400	284	235.27	1.81	13.78
908107200	284	38.45	1.87	7.14
908118000	284	9.03	2.06	9.03
908128800	284	0.1	2.42	10.08
908139600	284	0.42	2.81	10.5
908150400	285	359.97	3.14	10.5
908161200	285	359.21	3.38	10.33
908172000	285	357.72	3.68	10.18
908182800	285	355.83	3.81	10.06
908193600	285	353.92	3.76	9.99
908204400	285	351.41	3.71	9.97
908215200	285	347.87	3.71	10.04
908226000	285	342.84	3.78	10.17
908236800	286	336.81	3.79	10.28
908247600	286	329.18	3.75	10.39
908258400	286	316.46	3.88	10.3
908269200	286	279.37	3.89	8.74
908280000	286	272.73	3.79	8.69
908290800	286	276.87	3.55	8.86
908301600	286	274	3.29	8.83
908312400	286	272.05	3.04	8.67
908323200	287	273.06	2.79	8.45
908334000	287	274.73	2.51	8.25
908344800	287	277.35	2.22	8.05
908355600	287	290.62	2.11	7.79
908366400	287	299.97	2.03	7.41
908377200	287	323.57	1.98	6.94
908388000	287	324.56	1.93	7.02
908398800	287	324.44	1.9	7.11
908409600	288	323.73	1.93	7.18
908420400	288	322.82	1.94	7.26
908431200	288	305.31	1.89	7.42
908442000	288	287.94	2.12	7.6
908452800	288	254.54	2.55	9.03
908463600	288	252.4	2.96	9.32
908474400	288	252.12	3.09	9.41
908485200	288	252.7	3.02	9.36
908496000	289	254.56	2.86	9.2
908506800	289	249.74	2.8	8.55
908517600	289	251.09	2.96	7.85
908528400	289	250.07	2.8	7.82
908539200	289	248.41	2.66	7.85
908550000	289	247.07	2.58	7.99
908560800	289	250.71	2.43	8.22
908571600	289	251.01	2.24	8.18
908582400	290	251.68	2.05	8.04
908593200	290	250.66	1.87	7.78
908604000	290	251.89	1.77	7.57
908614800	290	253.31	1.67	7.37
908625600	290	255.08	1.59	7.03
908636400	290	255.91	1.53	6.89
908647200	290	256.62	1.51	6.87
908658000	290	257.53	1.5	6.88
908668800	291	258.17	1.54	6.9
908679600	291	244.26	1.62	10.94
908690400	291	243.65	1.66	11.06
908701200	291	243.3	1.65	11.57
908712000	291	243.88	1.74	12.09
908722800	291	307.17	2.1	6.54
908733600	291	302.53	3.04	7.45
908744400	291	290.89	4.07	8.92
908755200	292	284.19	4.91	10.26
908766000	292	276.91	5.25	11
908776800	292	278.12	5.21	11.12
908787600	292	278.52	5.01	11.11
908798400	292	278.86	4.71	11.02
908809200	292	278.98	4.52	10.86
908820000	292	278.22	4.36	10.67
908830800	292	289.88	4.18	10.39
908841600	293	288.31	4.01	10.21
908852400	293	286.65	3.9	10.08
908863200	293	285.23	3.8	9.98
908874000	293	283.56	3.68	9.88
908884800	293	281.6	3.54	9.82
908895600	293	280.32	3.42	9.72
908906400	293	295.83	3.3	9.65
908917200	293	295.21	3.21	9.62
908928000	294	294.03	3.19	9.61
908938800	294	271.48	3.21	10.72
908949600	294	271.15	3.3	10.68
908960400	294	288.59	3.43	9.49
908971200	294	277.65	3.96	9.48
908982000	294	265.8	4.55	9.93
908992800	294	265.12	4.97	10.28
909003600	294	260.93	5.45	11.1
909014400	295	259.65	6.33	12.06
909025200	295	259.15	6.92	12.49
909036000	295	261.47	6.77	12.99
909046800	295	260.73	6.3	13.23
909057600	295	259.08	5.77	13.31
909068400	295	257.64	5.25	13.29
909079200	295	255.49	4.77	13.22
909090000	295	253.89	4.41	13.08
909100800	296	251.55	4.19	12.9
909111600	296	251.32	4.07	12.37
909122400	296	248.85	3.92	12.04
909133200	296	246.78	3.64	11.84
909144000	296	254.72	3.36	9.97
909154800	296	243.84	3.11	11.8
909165600	296	242.52	2.89	11.79
909176400	296	241.45	2.7	11.81
909187200	297	240.07	2.55	11.88
909198000	297	239.03	2.42	11.97
909208800	297	237.85	2.31	12.05
909219600	297	237.14	2.19	12.1
909230400	297	236.34	2.05	12.13
909241200	297	236.06	1.91	12.17
909252000	297	235.65	1.8	12.21
909262800	297	235.58	1.72	12.3
909273600	298	235.54	1.83	12.42
909284400	298	293.4	2	5.8
909295200	298	286.28	2.05	6.44
909306000	298	269.96	2.11	7.35
909316800	298	264.63	2.23	8.75
909327600	298	253.52	2.38	10.76
909338400	298	254.79	2.51	11.2
909349200	298	255.36	2.62	11.48
909360000	299	255.5	2.71	11.53
909370800	299	255.56	2.79	11.58
909381600	299	249.46	2.82	11.71
909392400	299	248.97	2.82	11.93
909403200	299	248.2	2.84	12.6
909414000	299	246.45	3	13.28
909424800	299	327.97	3.39	7.61
909435600	299	324.84	4.07	8.58
909446400	300	319.17	4.87	9.33
909457200	300	314.14	5.23	9.97
909468000	300	315.68	5.25	10.22
909478800	300	317.25	5.08	10.27
909489600	300	318.65	4.83	10.25
909500400	300	319.96	4.58	10.21
909511200	300	321.39	4.35	10.16
909522000	300	322.78	4.2	10.09
909532800	301	324.06	4.07	10.02
909543600	301	325.31	3.94	9.96
909554400	301	326.6	3.78	9.89
909565200	301	327.91	3.65	9.82
909576000	301	328.91	3.55	9.73
909586800	301	335.33	3.5	9.59
909597600	301	335.55	3.52	9.44
909608400	301	333.86	3.8	9.5
909619200	302	326.28	4.76	10.03
909630000	302	323.02	5.6	10.43
909640800	302	311.8	5.81	10.97
909651600	302	308.3	5.6	11.04
909662400	302	304.93	5.09	10.96
909673200	302	300.22	4.52	10.76
909684000	302	301.76	4.01	10.28
909694800	302	294.3	3.61	9.93
909705600	303	288.34	3.34	9.65
909716400	303	280.3	3.1	9.31
909727200	303	274.35	2.84	9.16
909738000	303	269.66	2.58	9.07
909748800	303	266.96	2.33	8.87
909759600	303	270.54	2.08	8.59
909770400	303	271.63	1.85	8.4
909781200	303	273.68	1.77	8.27
909792000	304	275.07	1.58	8.15
909802800	304	275.23	1.46	8.01
909813600	304	276.77	1.39	7.74
909824400	304	277.81	1.36	7.58
909835200	304	240.3	1.35	10.4
909846000	304	240.18	1.35	10.31
909856800	304	242.16	1.34	16.09
909867600	304	245.13	1.35	15.72
909878400	305	241.38	1.37	14.85
909889200	305	243.73	1.38	14.58
909900000	305	242.3	1.39	14.37
909910800	305	239.91	1.4	13.93
909921600	305	239.45	1.38	13.49
909932400	305	240.58	1.36	13.29
909943200	305	240.31	1.46	13.15
909954000	305	241.38	1.51	13.06
909964800	306	241.2	1.53	12.98
909975600	306	242.29	1.53	12.9
909986400	306	31.53	1.64	5.65
909997200	306	8.08	1.78	6.75
910008000	306	355.19	1.88	7.37
910018800	306	353.74	1.97	7.68
910029600	306	330.01	2.13	8.3
910040400	306	327.11	2.21	8.74
910051200	307	312.14	2.25	8.93
910062000	307	311.56	2.26	8.98
910072800	307	310.91	2.24	8.92
910083600	307	320.57	2.17	8.76
910094400	307	319.95	2.08	8.47
910105200	307	319.25	1.96	8.24
910116000	307	317.71	1.82	8.02
910126800	307	328.14	1.68	7.69
910137600	308	324.57	1.54	7.52
910148400	308	317.93	1.44	7.4
910159200	308	241.06	1.59	13.01
910170000	308	255.95	1.81	6.72
910180800	308	247.31	1.88	6.95
910191600	308	245.88	1.86	7.11
910202400	308	245.76	1.78	7.14
910213200	308	246.01	1.68	7.09
910224000	309	246.5	1.57	6.99
910234800	309	247.2	1.47	6.88
910245600	309	236.84	1.46	11.56
910256400	309	237.41	1.39	11.35
910267200	309	238.14	1.3	11.23
910278000	309	239.12	1.21	11.13
910288800	309	240.12	1.15	11.04
910299600	309	241.15	1.08	10.97
910310400	310	241.94	1.04	10.92
910321200	310	242.41	1.02	10.88
910332000	310	242.45	1.17	10.87
910342800	310	270.01	1.16	4.39
910353600	310	267.16	1.17	5
910364400	310	261.3	1.25	6.3
910375200	310	259.05	1.33	7.08
910386000	310	256.66	1.39	7.87
910396800	311	254.77	1.45	8.13
910407600	311	256.08	1.52	8.28
910418400	311	239.99	1.59	10.87
910429200	311	241.74	1.64	10.91
910440000	311	243.03	1.64	10.87
910450800	311	244.02	1.61	10.79
910461600	311	244.4	1.55	10.67
910472400	311	246.87	1.49	10.42
910483200	312	246.98	1.42	10.29
910494000	312	246.72	1.36	10.21
910504800	312	246.15	1.31	10.15
910515600	312	245.42	1.24	10.1
910526400	312	244.71	1.15	10.04
910537200	312	244.19	1.05	9.97
910548000	312	243.62	0.97	9.89
910558800	312	243.01	0.89	9.78
910569600	313	243.58	0.83	9.54
910580400	313	243.81	0.79	9.31
910591200	313	247.6	0.9	9.22
910602000	313	255.32	0.95	9.1
910612800	313	260.71	1.01	8.94
910623600	313	262.94	1.08	8.8
910634400	313	270.71	1.14	8.52
910645200	313	272.16	1.23	8.37
910656000	314	273.57	1.42	8.25
910666800	314	256.04	1.76	5.5
910677600	314	250.69	2.18	5.86
910688400	314	255.74	2.3	6.35
910699200	314	261.55	2.28	6.7
910710000	314	260.06	2.18	6.88
910720800	314	244.41	2.02	10.83
910731600	314	244.55	1.88	10.7
910742400	315	246.16	1.81	10.48
910753200	315	246.22	1.82	10.43
910764000	315	243.07	1.91	10.76
910774800	315	242.7	1.92	11.89
910785600	315	242.71	1.91	11.97
910796400	315	242.85	1.87	11.97
910807200	315	242.46	1.82	11.98
910818000	315	242.26	1.77	11.99
910828800	316	241.73	1.76	12
910839600	316	241.5	1.8	12.02
910850400	316	240.98	1.88	12.05
910861200	316	240.72	1.88	12.11
910872000	316	240.09	1.85	12.23
910882800	316	239.76	1.8	12.52
910893600	316	240.95	1.75	14.18
910904400	316	243.23	1.7	14.24
910915200	317	241.75	1.85	14.2
910926000	317	239.11	1.68	13.95
910936800	317	238.47	1.59	13.65
910947600	317	239.36	1.54	13.47
910958400	317	238.8	1.49	13.35
910969200	317	239.62	1.44	13.26
910980000	317	239.11	1.4	13.16
910990800	317	240.06	1.37	13.03
911001600	318	238.34	1.34	12.82
911012400	318	238.74	1.31	12.49
911023200	318	238.82	1.29	12.33
911034000	318	239.21	1.29	12.24
911044800	318	239.23	1.26	12.19
911055600	318	239.53	1.21	12.16
911066400	318	239.47	1.14	12.14
911077200	318	239.71	1.08	12.15
911088000	319	239.65	1.02	12.22
911098800	319	239.92	0.97	12.4
911109600	319	239.82	0.93	12.83
911120400	319	303.01	1.22	3.15
911131200	319	245.72	1.01	13.08
911142000	319	247.56	0.88	13.09
911152800	319	248.42	0.76	13.07
911163600	319	250.74	0.69	13.02
911174400	320	252.09	0.64	12.9
911185200	320	244.53	0.63	12.61
911196000	320	302.52	0.88	3.13
911206800	320	246.65	0.8	12.33
911217600	320	247.24	0.75	12.26
911228400	320	248.23	0.73	12.22
911239200	320	248.94	0.72	12.21
911250000	320	308.94	0.7	14.91
911260800	321	295.1	0.69	14.8
911271600	321	285.85	0.72	14.66
911282400	321	266.36	0.96	3.15
911293200	321	263.45	0.87	13.41
911304000	321	262.79	0.8	13.27
911314800	321	265.61	0.77	13.26
911325600	321	267.88	0.75	13.2
911336400	321	242.76	0.78	11.4
911347200	322	242.25	0.83	11.31
911358000	322	241.95	0.94	11.18
911368800	322	241.84	1.25	11.05
911379600	322	242.09	1.31	10.95
911390400	322	242.6	1.38	10.94
911401200	322	243.43	1.47	11.16
911412000	322	255	1.56	13.08
911422800	322	253.76	1.64	13.03
911433600	323	252.52	1.68	12.88
911444400	323	248.42	1.68	12.49
911455200	323	248.12	1.66	12.34
911466000	323	248.29	1.62	12.24
911476800	323	248.52	1.57	12.16
911487600	323	249.28	1.55	12.08
911498400	323	250.07	1.54	11.98
911509200	323	251.44	1.76	11.82
911520000	324	246.62	1.66	11.48
911530800	324	246.95	1.59	11.23
911541600	324	247.3	1.52	11.11
911552400	324	247.63	1.43	11.03
911563200	324	247.91	1.34	10.98
911574000	324	248.22	1.27	10.95
911584800	324	248.58	1.35	10.92
911595600	324	249.01	1.31	10.9
911606400	325	249.37	1.22	10.87
911617200	325	249.73	1.14	10.84
911628000	325	249.77	1.08	10.83
911638800	325	249.43	1.07	10.82
911649600	325	248.85	1.08	10.81
911660400	325	250.43	1.06	10.83
911671200	325	262.03	1.06	10.92
911682000	325	283.14	1.37	11.01
911692800	326	301.47	1.29	11.05
911703600	326	311.39	1.26	11.07
911714400	326	313.04	1.47	11.03
911725200	326	309.76	1.51	11.08
911736000	326	303.09	1.46	11.26
911746800	326	293.01	1.39	11.55
911757600	326	256.27	1.32	11.75
911768400	326	249.47	1.28	11.78
911779200	327	244.73	1.35	11.8
911790000	327	274.15	1.56	4.23
911800800	327	261.98	1.79	4.79
911811600	327	255.48	1.78	5.26
911822400	327	249.8	1.67	5.52
911833200	327	247.51	1.57	5.71
911844000	327	245.44	1.47	5.83
911854800	327	243.75	1.37	5.88
911865600	328	242.26	1.29	5.87
911876400	328	242.11	1.3	5.8
911887200	328	245.29	1.49	5.24
911898000	328	245.27	1.55	5.4
911908800	328	246.86	1.52	5.66
911919600	328	290.31	1.47	6.76
911930400	328	294.07	1.42	6.86
911941200	328	290.88	1.42	6.82
911952000	329	277.46	1.53	6.7
911962800	329	245.03	1.75	6
911973600	329	247.05	1.94	6.36
911984400	329	251.41	1.97	6.77
911995200	329	251.51	1.93	6.92
912006000	329	251.74	1.87	6.97
912016800	329	251.43	1.81	7.03
912027600	329	250.42	1.76	7.05
912038400	330	249.68	1.68	7.13
912049200	330	250	1.59	7.19
912060000	330	250.68	1.48	7.16
912070800	330	251.81	1.32	7.12
912081600	330	111.04	1.44	3.15
912092400	330	104.01	1.23	3.6
912103200	330	92.87	1.12	3.67
912114000	330	88.96	1.01	3.82
912124800	331	234.91	0.89	10.81
912135600	331	235.14	0.81	10.72
912146400	331	233.49	0.76	10.46
912157200	331	233.58	0.71	10.25
912168000	331	233.69	0.65	10.15
912178800	331	233.95	0.62	10.08
912189600	331	234.47	0.62	10.04
912200400	331	234.89	0.71	10.02
912211200	332	57.19	0.77	5.14
912222000	332	57.55	0.73	5.24
912232800	332	11.09	0.73	8.31
912243600	332	20.13	0.82	8.36
912254400	332	12.75	0.83	9.07
912265200	332	19.89	0.86	9.13
912276000	332	84.46	1.06	3.18
912286800	332	69.79	1.2	3.95
912297600	333	57.38	1.36	4.43
912308400	333	34.25	1.38	8.16
912319200	333	22.77	1.38	8.87
912330000	333	19.2	1.31	9.09
912340800	333	16.39	1.26	9.23
912351600	333	14.96	1.21	9.26
912362400	333	13.53	1.14	9.2
912373200	333	11.04	1.1	9.08
912384000	334	7.45	1.08	8.91
912394800	334	252.5	1.08	12.25
912405600	334	248.29	1.17	12.17
912416400	334	247.22	1.27	12.03
912427200	334	247.39	1.34	11.74
912438000	334	250.42	1.41	11.34
912448800	334	251.34	1.45	11.12
912459600	334	252.21	1.55	10.98
912470400	335	252.73	1.77	10.91
912481200	335	330.42	2.1	6.1
912492000	335	322.11	2.5	6.94
912502800	335	312.37	2.72	7.83
912513600	335	302.5	2.81	8.1
912524400	335	301.51	2.79	8.18
912535200	335	298.44	2.61	8.2
912546000	335	292.94	2.51	8.18
912556800	336	285.35	2.4	8.12
912567600	336	277.62	2.28	8.11
912578400	336	270.58	2.18	8.35
912589200	336	260.75	2.1	9.1
912600000	336	258.59	2.02	9.5
912610800	336	256.67	1.92	9.81
912621600	336	255.1	1.79	10.1
912632400	336	253.29	1.75	10.42
912643200	337	254.7	1.52	10.64
912654000	337	251.54	1.33	10.66
912664800	337	248.35	1.19	10.67
912675600	337	246.08	1.13	10.66
912686400	337	244.54	1.13	10.54
912697200	337	244.19	1.15	10.39
912708000	337	244.1	1.13	10.26
912718800	337	244.07	1.05	10.15
912729600	338	244.16	0.94	10.05
912740400	338	244.19	0.85	9.99
912751200	338	244.1	0.78	9.93
912762000	338	243.94	0.74	9.91
912772800	338	215.66	1.13	3.15
912783600	338	219.61	0.94	3.6
912794400	338	226.37	0.87	3.61
912805200	338	241.36	0.87	11.91
912816000	339	250.47	1.06	13.68
912826800	339	252.02	1.36	3.95
912837600	339	250.13	1.43	13.48
912848400	339	250.58	1.4	13.31
912859200	339	250.15	1.36	13.11
912870000	339	249.39	1.36	12.85
912880800	339	249.03	1.46	12.61
912891600	339	249.01	1.68	12.54
912902400	340	248.79	2	12.66
912913200	340	253.48	2.29	14.57
912924000	340	251.71	2.43	14.5
912934800	340	252.67	2.5	14.33
912945600	340	249.05	2.48	14.12
912956400	340	248.6	2.43	13.85
912967200	340	247.04	2.4	13.68
912978000	340	246.59	2.46	13.52
912988800	341	245.45	2.47	13.39
912999600	341	245.67	2.45	13.26
913010400	341	299.33	2.72	6.2
913021200	341	289.45	3.09	6.93
913032000	341	279.45	3.47	7.65
913042800	341	271.94	3.65	8.45
913053600	341	267.81	3.83	9.28
913064400	341	263.59	4.07	9.95
913075200	342	263.55	4.34	10.25
913086000	342	257.22	4.61	10.84
913096800	342	255.74	4.87	11.18
913107600	342	254.23	4.91	11.41
913118400	342	254.21	4.63	11.49
913129200	342	254.35	4.2	11.42
913140000	342	253.87	3.78	11.29
913150800	342	252.73	3.41	11.14
913161600	343	251.08	3.13	11.01
913172400	343	249.27	2.94	10.88
913183200	343	247.76	2.79	10.74
913194000	343	251.61	2.66	10.59
913204800	343	266.29	2.79	7.28
913215600	343	256.49	3.23	8.38
913226400	343	250.24	3.45	8.95
913237200	343	249.02	3.55	9.26
913248000	344	248.86	3.67	9.53
913258800	344	244.84	3.8	9.76
913269600	344	245.29	3.93	9.7
913280400	344	245.77	3.86	9.93
913291200	344	246.04	3.74	10.01
913302000	344	246.01	3.54	10.19
913312800	344	241.63	3.31	12.98
913323600	344	241.67	3.08	13.12
913334400	345	240.52	2.85	13.15
913345200	345	240.56	2.64	13.12
913356000	345	239.46	2.49	13.02
913366800	345	241.57	2.35	12.69
913377600	345	240.64	2.21	12.36
913388400	345	240	2.08	12.2
913399200	345	239.18	1.99	12.1
913410000	345	238.99	1.95	11.99
913420800	346	238.94	1.87	11.8
913431600	346	240.77	1.82	11.42
913442400	346	240.53	1.85	11.25
913453200	346	240.63	1.72	11.15
913464000	346	240.94	1.55	11.09
913474800	346	241.56	1.37	11.04
913485600	346	242.28	1.23	11
913496400	346	243.06	1.12	10.96
913507200	347	243.47	1.11	10.93
913518000	347	243.31	1.26	10.92
913528800	347	277.44	1.41	5.69
913539600	347	275.69	1.63	6.52
913550400	347	267.95	1.9	7.59
913561200	347	257.69	2.07	9.03
913572000	347	252.68	2.14	9.67
913582800	347	261.69	2.15	9.62
913593600	348	263.64	2.25	9.33
913604400	348	257.1	2.52	6.91
913615200	348	253.97	2.73	7.16
913626000	348	257.48	2.68	7.56
913636800	348	257.36	2.55	7.79
913647600	348	257.77	2.44	7.94
913658400	348	262.54	2.36	8.03
913669200	348	237.17	2.29	12.42
913680000	349	237.63	2.24	12.59
913690800	349	238.48	2.21	12.7
913701600	349	238.9	2.23	12.77
913712400	349	239.48	2.2	12.8
913723200	349	239.6	2.13	12.77
913734000	349	239.88	2.04	12.71
913744800	349	239.76	1.94	12.63
913755600	349	239.92	1.83	12.54
913766400	350	239.79	1.74	12.43
913777200	350	239.92	1.67	12.33
913788000	350	239.72	1.71	12.22
913798800	350	239.73	1.67	12.11
913809600	350	239.35	1.57	12.01
913820400	350	239.1	1.45	11.91
913831200	350	238.47	1.31	11.81
913842000	350	236.8	1.19	11.66
913852800	351	236.71	1.09	11.37
913863600	351	236.66	1.01	11.17
913874400	351	236.45	0.99	11.03
913885200	351	236.2	0.95	10.93
913896000	351	235.78	0.92	10.85
913906800	351	235.52	0.88	10.8
913917600	351	235.38	0.87	10.76
913928400	351	62	1.11	3.43
913939200	352	18.5	1.44	6.07
913950000	352	4.85	1.82	7.38
913960800	352	0.46	2.2	8.49
913971600	352	356.6	2.54	9.41
913982400	352	350.67	2.8	9.74
913993200	352	350.85	2.91	9.76
914004000	352	350.68	2.92	9.69
914014800	352	354.31	2.86	9.6
914025600	353	353.9	2.83	9.34
914036400	353	353.25	2.85	9.03
914047200	353	344.3	2.85	8.32
914058000	353	337.77	2.83	8.05
914068800	353	317.64	2.76	7.94
914079600	353	314.19	2.67	7.85
914090400	353	312.53	2.5	7.75
914101200	353	311.77	2.33	7.65
914112000	354	311.54	2.18	7.53
914122800	354	311.68	2.07	7.4
914133600	354	307.47	2.07	7.09
914144400	354	307.62	1.99	6.93
914155200	354	307.28	1.87	6.85
914166000	354	306.89	1.76	6.78
914176800	354	306.33	1.66	6.7
914187600	354	305.67	1.57	6.63
914198400	355	307.2	1.49	6.52
914209200	355	305.89	1.41	6.42
914220000	355	304.76	1.32	6.32
914230800	355	303.82	1.22	6.22
914241600	355	303.89	1.11	6.11
914252400	355	308.71	1.02	6
914263200	355	309.1	0.94	5.89
914274000	355	309.9	0.88	5.82
914284800	356	311.59	0.83	5.78
914295600	356	312.93	0.82	5.78
914306400	356	312.98	0.84	5.84
914317200	356	312.21	0.9	6
914328000	356	319.98	0.86	6.16
914338800	356	318.2	0.83	6.22
914349600	356	315.36	0.85	6.22
914360400	356	310.91	0.95	6.17
914371200	357	256.17	1.11	13.49
914382000	357	255.3	1.32	13.3
914392800	357	254.11	1.57	13.12
914403600	357	251.77	1.78	12.81
914414400	357	251.04	1.94	12.3
914425200	357	250.65	2.04	12.11
914436000	357	249.96	2.08	12.01
914446800	357	249.56	2.1	11.94
914457600	358	249.02	2.11	11.88
914468400	358	248.81	2.1	11.81
914479200	358	248.5	2.07	11.73
914490000	358	248.43	2.04	11.63
914500800	358	247.89	1.99	11.55
914511600	358	247.36	1.94	11.52
914522400	358	246.75	1.87	11.55
914533200	358	246.3	1.81	11.67
914544000	359	246.42	1.73	12.5
914554800	359	246.43	1.65	12.94
914565600	359	245.65	1.57	12.93
914576400	359	244.62	1.5	12.81
914587200	359	243.79	1.42	12.55
914598000	359	243.27	1.33	12.39
914608800	359	242.61	1.26	12.28
914619600	359	242.52	1.2	12.2
914630400	360	242.46	1.18	12.12
914641200	360	243.03	1.17	12.03
914652000	360	243.53	1.19	11.93
914662800	360	244.47	1.25	11.83
914673600	360	245.18	1.22	11.74
914684400	360	244.95	1.2	11.64
914695200	360	245.29	1.23	11.58
914706000	360	245.8	1.27	11.53
914716800	361	246.32	1.26	11.5
914727600	361	247	1.27	11.49
914738400	361	247.71	1.33	11.51
914749200	361	248.74	1.38	11.59
914760000	361	251.42	1.43	12.94
914770800	361	2.02	1.47	7.18
914781600	361	358.19	1.54	7.47
914792400	361	357.79	1.64	7.57
914803200	362	0.19	1.72	7.18
914814000	362	1.34	1.81	6.18
914824800	362	0.83	1.92	6.38
914835600	362	358.11	1.97	6.89
914846400	362	357.75	1.96	7.19
914857200	362	352.08	1.92	7.38
914868000	362	351.32	1.95	7.42
914878800	362	352.6	2.09	7.22
914889600	363	344.01	2.16	7.31
914900400	363	343.65	2.29	7.13
914911200	363	333.67	2.34	7.33
914922000	363	328.76	2.38	7.49
914932800	363	324.77	2.44	7.68
914943600	363	321.57	2.46	7.92
914954400	363	306.89	2.45	8.23
914965200	363	303.88	2.43	8.26
914976000	364	301.46	2.42	8.21
914986800	364	299.18	2.38	8.12
914997600	364	296.59	2.29	8.07
915008400	364	293.54	2.18	8.12
915019200	364	289.93	2.06	8.25
915030000	364	268.62	1.94	8.81
915040800	364	265.74	1.83	8.94
915051600	364	263.32	1.72	8.91
915062400	365	274.03	1.62	8.68
915073200	365	270.86	1.52	8.24
915084000	365	268.15	1.46	8.1
915094800	365	283.14	1.38	7.97
915105600	365	279.93	1.29	7.77
915116400	365	276.86	1.22	7.65
915127200	365	273.62	1.23	7.63
